31752.000000 
31690.248592 
31628.567709 
31566.956631 
31505.414649 
31443.941058 
31382.535163 
31321.196274 
31259.923711 
31198.716798 
31137.574867 
31076.497259 
31015.483320 
30954.532403 
30893.643867 
30832.817080 
30772.051414 
30711.346250 
30650.700973 
30590.114977 
30529.587660 
30469.118427 
30408.706691 
30348.351868 
30288.053383 
30227.810665 
30167.623149 
30107.490279 
30047.411500 
29987.386267 
29927.414038 
29867.494278 
29807.626457 
29747.810051 
29688.044541 
29628.329415 
29568.664163 
29509.048283 
29449.481279 
29389.962658 
29330.491932 
29271.068621 
29211.692247 
29152.362339 
29093.078430 
29033.840057 
28974.646764 
28915.498098 
28856.393613 
28797.332864 
28738.315414 
28679.340829 
28620.408680 
28561.518543 
28502.669997 
28443.862628 
28385.096023 
28326.369775 
28267.683483 
28209.036747 
28150.429174 
28091.860373 
28033.329958 
27974.837548 
27916.382764 
27857.965233 
27799.584584 
27741.240452 
27682.932475 
27624.660294 
27566.423554 
27508.221906 
27450.055000 
27391.922495 
27333.824051 
27275.759330 
27217.728001 
27159.729735 
27101.764205 
27043.831089 
26985.930069 
26928.060830 
26870.223059 
26812.416447 
26754.640689 
26696.895483 
26639.180530 
26581.495534 
26523.840202 
26466.214245 
26408.617376 
26351.049312 
26293.509772 
26235.998478 
26178.515157 
26121.059537 
26063.631350 
26006.230328 
25948.856210 
25891.508735 
25834.187647 
25776.892689 
25719.623612 
25662.380164 
25605.162100 
25547.969177 
25490.801152 
25433.657787 
25376.538846 
25319.444096 
25262.373305 
25205.326245 
25148.302690 
25091.302416 
25034.325202 
24977.370830 
24920.439082 
24863.529744 
24806.642605 
24749.777456 
24692.934088 
24636.112298 
24579.311881 
24522.532639 
24465.774371 
24409.036883 
24352.319980 
24295.623469 
24238.947162 
24182.290870 
24125.654407 
24069.037591 
24012.440238 
23955.862170 
23899.303209 
23842.763178 
23786.241905 
23729.739217 
23673.254943 
23616.788917 
23560.340972 
23503.910943 
23447.498667 
23391.103984 
23334.726734 
23278.366761 
23222.023909 
23165.698024 
23109.388954 
23053.096549 
22996.820660 
22940.561139 
22884.317842 
22828.090625 
22771.879345 
22715.683863 
22659.504039 
22603.339736 
22547.190818 
22491.057150 
22434.938601 
22378.835039 
22322.746334 
22266.672357 
22210.612983 
22154.568086 
22098.537541 
22042.521228 
21986.519023 
21930.530808 
21874.556465 
21818.595877 
21762.648928 
21706.715504 
21650.795492 
21594.888780 
21538.995260 
21483.114820 
21427.247355 
21371.392757 
21315.550922 
21259.721745 
21203.905125 
21148.100959 
21092.309148 
21036.529592 
20980.762195 
20925.006858 
20869.263488 
20813.531989 
20757.812268 
20702.104234 
20646.407796 
20590.722864 
20535.049350 
20479.387165 
20423.736224 
20368.096441 
20312.467732 
20256.850014 
20201.243204 
20145.647222 
20090.061988 
20034.487422 
19978.923446 
19923.369983 
19867.826958 
19812.294295 
19756.771920 
19701.259760 
19645.757744 
19590.265799 
19534.783855 
19479.311844 
19423.849697 
19368.397347 
19312.954726 
19257.521770 
19202.098414 
19146.684594 
19091.280247 
19035.885310 
18980.499724 
18925.123427 
18869.756360 
18814.398465 
18759.049684 
18703.709959 
18648.379236 
18593.057458 
18537.744571 
18482.440522 
18427.145258 
18371.858726 
18316.580876 
18261.311658 
18206.051021 
18150.798917 
18095.555298 
18040.320116 
17985.093326 
17929.874881 
17874.664735 
17819.462846 
17764.269169 
17709.083662 
17653.906283 
17598.736990 
17543.575743 
17488.422502 
17433.277227 
17378.139881 
17323.010425 
17267.888823 
17212.775038 
17157.669035 
17102.570778 
17047.480234 
16992.397368 
16937.322149 
16882.254543 
16827.194520 
16772.142048 
16717.097097 
16662.059638 
16607.029641 
16552.007079 
16496.991925 
16441.984150 
16386.983729 
16331.990636 
16277.004846 
16222.026335 
16167.055080 
16112.091056 
16057.134243 
16002.184617 
15947.242158 
15892.306845 
15837.378659 
15782.457579 
15727.543588 
15672.636668 
15617.736800 
15562.843969 
15507.958157 
15453.079350 
15398.207532 
15343.342689 
15288.484807 
15233.633874 
15178.789877 
15123.952803 
15069.122641 
15014.299382 
14959.483014 
14904.673528 
14849.870916 
14795.075169 
14740.286279 
14685.504240 
14630.729045 
14575.960688 
14521.199163 
14466.444467 
14411.696596 
14356.955545 
14302.221312 
14247.493895 
14192.773292 
14138.059503 
14083.352527 
14028.652364 
13973.959015 
13919.272481 
13864.592766 
13809.919871 
13755.253800 
13700.594556 
13645.942146 
13591.296573 
13536.657843 
13482.025964 
13427.400942 
13372.782785 
13318.171501 
13263.567100 
13208.969592 
13154.378986 
13099.795293 
13045.218526 
12990.648697 
12936.085819 
12881.529905 
12826.980970 
12772.439029 
12717.904097 
12663.376191 
12608.855329 
12554.341528 
12499.834806 
12445.335182 
12390.842678 
12336.357312 
12281.879107 
12227.408086 
12172.944269 
12118.487682 
12064.038349 
12009.596294 
11955.161544 
11900.734125 
11846.314065 
11791.901392 
11737.496135 
11683.098323 
11628.707988 
11574.325161 
11519.949874 
11465.582160 
11411.222054 
11356.869589 
11302.524803 
11248.187731 
11193.858410 
11139.536880 
11085.223180 
11030.917350 
10976.619430 
10922.329464 
10868.047494 
10813.773564 
10759.507719 
10705.250006 
10651.000471 
10596.759162 
10542.526130 
10488.301423 
10434.085093 
10379.877192 
10325.677775 
10271.486895 
10217.304608 
10163.130971 
10108.966043 
10054.809882 
10000.662549 
9946.524106 
9892.394615 
9838.274142 
9784.162751 
9730.060510 
9675.967486 
9621.883750 
9567.809372 
9513.744425 
9459.688982 
9405.643120 
9351.606914 
9297.580443 
9243.563788 
9189.557029 
9135.560249 
9081.573534 
9027.596970 
8973.630645 
8919.674648 
8865.729073 
8811.794011 
8757.869558 
8703.955812 
8650.052871 
8596.160837 
8542.279813 
8488.409904 
8434.551217 
8380.703862 
8326.867949 
8273.043594 
8219.230912 
8165.430021 
8111.641042 
8057.864098 
8004.099316 
7950.346824 
7896.606751 
7842.879233 
7789.164405 
7735.462406 
7681.773378 
7628.097467 
7574.434819 
7520.785587 
7467.149924 
7413.527988 
7359.919939 
7306.325941 
7252.746163 
7199.180775 
7145.629951 
7092.093872 
7038.572718 
6985.066678 
6931.575940 
6878.100700 
6824.641156 
6771.197513 
6717.769978 
6664.358764 
6610.964088 
6557.586172 
6504.225245 
6450.881537 
6397.555288 
6344.246741 
6290.956146 
6237.683756 
6184.429834 
6131.194646 
6077.978466 
6024.781575 
5971.604260 
5918.446814 
5865.309540 
5812.192745 
5759.096747 
5706.021869 
5652.968445 
5599.936816 
5546.927331 
5493.940349 
5440.976240 
5388.035380 
5335.118158 
5282.224973 
5229.356233 
5176.512358 
5123.693781 
5070.900944 
5018.134305 
4965.394331 
4912.681504 
4859.996321 
4807.339292 
4754.710941 
4702.111808 
4649.542450 
4597.003440 
4544.495368 
4492.018842 
4439.574489 
4387.162955 
4334.784907 
4282.441032 
4230.132041 
4177.858666 
4125.621663 
4073.421814 
4021.259927 
3969.136837 
3917.053406 
3865.010528 
3813.009128 
3761.050161 
3709.134620 
3657.263530 
3605.437957 
3553.659003 
3501.927814 
3450.245577 
3398.613526 
3347.032944 
3295.505162 
3244.031565 
3192.613595 
3141.244036 
3089.915207 
3038.645952 
2987.437936 
2936.292895 
2885.212642 
2834.199071 
2783.254158 
2732.379973 
2681.578679 
2630.852540 
2580.203931 
2529.635338 
2479.149374 
2428.748779 
2378.436435 
2328.215373 
2278.088781 
2228.060021 
2178.132637 
2128.310372 
2078.597180 
2028.997241 
1979.514984 
1930.155103 
1880.922580 
1831.822708 
1782.861119 
1734.043810 
1685.377181 
1636.868067 
1588.523780 
1540.352155 
1492.361601 
1444.561157 
1396.960558 
1349.570306 
1302.401758 
1255.467216 
1208.780035 
1162.354752 
1116.207223 
1070.354792 
1024.816481 
979.613215 
934.768084 
890.306652 
846.257324 
802.651782 
759.525511 
716.918431 
674.875669 
633.448508 
592.695556 
552.684212 
513.492518 
475.211524 
437.948347 
401.830190 
367.009694 
333.672213 
302.045873 
272.415834 
245.145025 
220.705256 
