4.160390 
4.160044 
4.159704 
4.159370 
4.159042 
4.158719 
4.158399 
4.158084 
4.157772 
4.157463 
4.157156 
4.156852 
4.156550 
4.156250 
4.155951 
4.155654 
4.155358 
4.155064 
4.154770 
4.154478 
4.154186 
4.153896 
4.153606 
4.153316 
4.153028 
4.152740 
4.152452 
4.152165 
4.151878 
4.151592 
4.151306 
4.151020 
4.150735 
4.150450 
4.150166 
4.149881 
4.149597 
4.149313 
4.149030 
4.148747 
4.148464 
4.148181 
4.147898 
4.147616 
4.147334 
4.147052 
4.146770 
4.146488 
4.146207 
4.145926 
4.145645 
4.145364 
4.145083 
4.144803 
4.144523 
4.144243 
4.143963 
4.143683 
4.143404 
4.143124 
4.142845 
4.142566 
4.142288 
4.142009 
4.141731 
4.141452 
4.141174 
4.140896 
4.140619 
4.140341 
4.140064 
4.139786 
4.139509 
4.139233 
4.138956 
4.138679 
4.138403 
4.138127 
4.137851 
4.137575 
4.137300 
4.137024 
4.136749 
4.136474 
4.136199 
4.135924 
4.135649 
4.135375 
4.135101 
4.134827 
4.134553 
4.134279 
4.134005 
4.133732 
4.133459 
4.133186 
4.132913 
4.132640 
4.132368 
4.132095 
4.131823 
4.131551 
4.131279 
4.131007 
4.130736 
4.130465 
4.130193 
4.129922 
4.129651 
4.129381 
4.129110 
4.128840 
4.128570 
4.128300 
4.128030 
4.127760 
4.127491 
4.127221 
4.126952 
4.126683 
4.126414 
4.126146 
4.125877 
4.125609 
4.125341 
4.125073 
4.124805 
4.124537 
4.124270 
4.124003 
4.123735 
4.123468 
4.123202 
4.122935 
4.122668 
4.122402 
4.122136 
4.121870 
4.121604 
4.121339 
4.121073 
4.120808 
4.120543 
4.120278 
4.120013 
4.119748 
4.119484 
4.119219 
4.118955 
4.118691 
4.118427 
4.118164 
4.117900 
4.117637 
4.117373 
4.117110 
4.116848 
4.116585 
4.116322 
4.116060 
4.115798 
4.115536 
4.115274 
4.115012 
4.114751 
4.114489 
4.114228 
4.113967 
4.113706 
4.113445 
4.113185 
4.112924 
4.112664 
4.112404 
4.112144 
4.111884 
4.111625 
4.111365 
4.111106 
4.110847 
4.110588 
4.110329 
4.110071 
4.109812 
4.109554 
4.109296 
4.109038 
4.108780 
4.108522 
4.108265 
4.108008 
4.107750 
4.107493 
4.107236 
4.106980 
4.106723 
4.106467 
4.106211 
4.105955 
4.105699 
4.105443 
4.105187 
4.104932 
4.104677 
4.104422 
4.104167 
4.103912 
4.103657 
4.103403 
4.103148 
4.102894 
4.102640 
4.102387 
4.102133 
4.101879 
4.101626 
4.101373 
4.101120 
4.100867 
4.100614 
4.100362 
4.100109 
4.099857 
4.099605 
4.099353 
4.099101 
4.098849 
4.098598 
4.098347 
4.098096 
4.097845 
4.097594 
4.097343 
4.097092 
4.096842 
4.096592 
4.096342 
4.096092 
4.095842 
4.095593 
4.095343 
4.095094 
4.094845 
4.094596 
4.094347 
4.094098 
4.093850 
4.093601 
4.093353 
4.093105 
4.092857 
4.092610 
4.092362 
4.092115 
4.091867 
4.091620 
4.091373 
4.091126 
4.090880 
4.090633 
4.090387 
4.090141 
4.089895 
4.089649 
4.089403 
4.089157 
4.088912 
4.088667 
4.088422 
4.088177 
4.087932 
4.087687 
4.087443 
4.087198 
4.086954 
4.086710 
4.086466 
4.086222 
4.085979 
4.085735 
4.085492 
4.085249 
4.085006 
4.084763 
4.084520 
4.084278 
4.084035 
4.083793 
4.083551 
4.083309 
4.083067 
4.082826 
4.082584 
4.082343 
4.082102 
4.081861 
4.081620 
4.081379 
4.081138 
4.080898 
4.080658 
4.080417 
4.080177 
4.079938 
4.079698 
4.079458 
4.079219 
4.078980 
4.078741 
4.078502 
4.078263 
4.078024 
4.077786 
4.077547 
4.077309 
4.077071 
4.076833 
4.076595 
4.076358 
4.076120 
4.075883 
4.075646 
4.075409 
4.075172 
4.074935 
4.074699 
4.074462 
4.074226 
4.073990 
4.073754 
4.073518 
4.073282 
4.073047 
4.072811 
4.072576 
4.072341 
4.072106 
4.071871 
4.071636 
4.071402 
4.071168 
4.070933 
4.070699 
4.070465 
4.070231 
4.069998 
4.069764 
4.069531 
4.069298 
4.069065 
4.068832 
4.068599 
4.068366 
4.068134 
4.067901 
4.067669 
4.067437 
4.067205 
4.066973 
4.066742 
4.066510 
4.066279 
4.066048 
4.065817 
4.065586 
4.065355 
4.065124 
4.064894 
4.064664 
4.064433 
4.064203 
4.063973 
4.063744 
4.063514 
4.063285 
4.063055 
4.062826 
4.062597 
4.062368 
4.062139 
4.061911 
4.061682 
4.061454 
4.061226 
4.060998 
4.060770 
4.060542 
4.060314 
4.060087 
4.059859 
4.059632 
4.059405 
4.059178 
4.058951 
4.058725 
4.058498 
4.058272 
4.058046 
4.057820 
4.057594 
4.057368 
4.057142 
4.056917 
4.056691 
4.056466 
4.056241 
4.056016 
4.055791 
4.055566 
4.055342 
4.055117 
4.054893 
4.054669 
4.054445 
4.054221 
4.053997 
4.053774 
4.053550 
4.053327 
4.053104 
4.052881 
4.052658 
4.052435 
4.052213 
4.051990 
4.051768 
4.051546 
4.051324 
4.051102 
4.050880 
4.050658 
4.050437 
4.050216 
4.049994 
4.049773 
4.049552 
4.049332 
4.049111 
4.048890 
4.048670 
4.048450 
4.048230 
4.048010 
4.047790 
4.047570 
4.047350 
4.047131 
4.046912 
4.046692 
4.046473 
4.046254 
4.046036 
4.045817 
4.045599 
4.045380 
4.045162 
4.044944 
4.044726 
4.044508 
4.044290 
4.044073 
4.043855 
4.043638 
4.043421 
4.043204 
4.042987 
4.042770 
4.042554 
4.042337 
4.042121 
4.041905 
4.041689 
4.041473 
4.041257 
4.041041 
4.040826 
4.040610 
4.040395 
4.040180 
4.039965 
4.039750 
4.039535 
4.039321 
4.039106 
4.038892 
4.038678 
4.038464 
4.038250 
4.038036 
4.037822 
4.037609 
4.037395 
4.037182 
4.036969 
4.036756 
4.036543 
4.036330 
4.036118 
4.035905 
4.035693 
4.035481 
4.035269 
4.035057 
4.034845 
4.034633 
4.034422 
4.034210 
4.033999 
4.033788 
4.033577 
4.033366 
4.033155 
4.032944 
4.032734 
4.032523 
4.032313 
4.032103 
4.031893 
4.031683 
4.031473 
4.031264 
4.031054 
4.030845 
4.030636 
4.030427 
4.030218 
4.030009 
4.029800 
4.029592 
4.029383 
4.029175 
4.028967 
4.028759 
4.028551 
4.028343 
4.028135 
4.027928 
4.027720 
4.027513 
4.027306 
4.027099 
4.026892 
4.026685 
4.026478 
4.026272 
4.026066 
4.025859 
4.025653 
4.025447 
4.025241 
4.025036 
4.024830 
4.024624 
4.024419 
4.024214 
4.024009 
4.023804 
4.023599 
4.023394 
4.023190 
4.022985 
4.022781 
4.022577 
4.022372 
4.022168 
4.021965 
4.021761 
4.021557 
4.021354 
4.021150 
4.020947 
4.020744 
4.020541 
4.020338 
4.020136 
4.019933 
4.019731 
4.019528 
4.019326 
4.019124 
4.018922 
4.018720 
4.018518 
4.018317 
4.018115 
4.017914 
4.017713 
4.017512 
4.017311 
4.017110 
4.016909 
4.016709 
4.016508 
4.016308 
4.016108 
4.015907 
4.015708 
4.015508 
4.015308 
4.015108 
4.014909 
4.014709 
4.014510 
4.014311 
4.014112 
4.013913 
4.013715 
4.013516 
4.013317 
4.013119 
4.012921 
4.012723 
4.012525 
4.012327 
4.012129 
4.011931 
4.011734 
4.011536 
4.011339 
4.011142 
4.010945 
4.010748 
4.010551 
4.010355 
4.010158 
4.009962 
4.009765 
4.009569 
4.009373 
4.009177 
4.008981 
4.008786 
4.008590 
4.008395 
4.008199 
4.008004 
4.007809 
4.007614 
4.007419 
4.007225 
4.007030 
4.006835 
4.006641 
4.006447 
4.006253 
4.006059 
4.005865 
4.005671 
4.005477 
4.005284 
4.005090 
4.004897 
4.004704 
4.004511 
4.004318 
4.004125 
4.003932 
4.003740 
4.003547 
4.003355 
4.003163 
4.002971 
4.002779 
4.002587 
4.002395 
4.002204 
4.002012 
4.001821 
4.001629 
4.001438 
4.001247 
4.001056 
4.000865 
4.000675 
4.000484 
4.000294 
4.000103 
3.999913 
3.999723 
3.999533 
3.999343 
3.999153 
3.998964 
3.998774 
3.998585 
3.998396 
3.998207 
3.998017 
3.997829 
3.997640 
3.997451 
3.997262 
3.997074 
3.996886 
3.996697 
3.996509 
3.996321 
3.996133 
3.995946 
3.995758 
3.995570 
3.995383 
3.995196 
3.995009 
3.994821 
3.994635 
3.994448 
3.994261 
3.994074 
3.993888 
3.993701 
3.993515 
3.993329 
3.993143 
3.992957 
3.992771 
3.992586 
3.992400 
3.992215 
3.992029 
3.991844 
3.991659 
3.991474 
3.991289 
3.991104 
3.990919 
3.990735 
3.990550 
3.990366 
3.990182 
3.989998 
3.989814 
3.989630 
3.989446 
3.989263 
3.989079 
3.988896 
3.988712 
3.988529 
3.988346 
3.988163 
3.987980 
3.987797 
3.987615 
3.987432 
3.987250 
3.987068 
3.986885 
3.986703 
3.986521 
3.986340 
3.986158 
3.985976 
3.985795 
3.985613 
3.985432 
3.985251 
3.985070 
3.984889 
3.984708 
3.984527 
3.984347 
3.984166 
3.983986 
3.983805 
3.983625 
3.983445 
3.983265 
3.983085 
3.982906 
3.982726 
3.982547 
3.982367 
3.982188 
3.982009 
3.981830 
3.981651 
3.981472 
3.981293 
3.981114 
3.980936 
3.980758 
3.980579 
3.980401 
3.980223 
3.980045 
3.979867 
3.979689 
3.979512 
3.979334 
3.979157 
3.978980 
3.978802 
3.978625 
3.978448 
3.978271 
3.978095 
3.977918 
3.977741 
3.977565 
3.977389 
3.977212 
3.977036 
3.976860 
3.976684 
3.976509 
3.976333 
3.976157 
3.975982 
3.975806 
3.975631 
3.975456 
3.975281 
3.975106 
3.974931 
3.974757 
3.974582 
3.974407 
3.974233 
3.974059 
3.973885 
3.973710 
3.973537 
3.973363 
3.973189 
3.973015 
3.972842 
3.972668 
3.972495 
3.972322 
3.972149 
3.971976 
3.971803 
3.971630 
3.971457 
3.971285 
3.971112 
3.970940 
3.970768 
3.970595 
3.970423 
3.970251 
3.970080 
3.969908 
3.969736 
3.969565 
3.969393 
3.969222 
3.969051 
3.968880 
3.968709 
3.968538 
3.968367 
3.968196 
3.968026 
3.967855 
3.967685 
3.967515 
3.967344 
3.967174 
3.967004 
3.966834 
3.966665 
3.966495 
3.966326 
3.966156 
3.965987 
3.965818 
3.965648 
3.965479 
3.965311 
3.965142 
3.964973 
3.964804 
3.964636 
3.964468 
3.964299 
3.964131 
3.963963 
3.963795 
3.963627 
3.963459 
3.963292 
3.963124 
3.962957 
3.962789 
3.962622 
3.962455 
3.962288 
3.962121 
3.961954 
3.961787 
3.961621 
3.961454 
3.961288 
3.961121 
3.960955 
3.960789 
3.960623 
3.960457 
3.960291 
3.960125 
3.959960 
3.959794 
3.959629 
3.959463 
3.959298 
3.959133 
3.958968 
3.958803 
3.958638 
3.958473 
3.958309 
3.958144 
3.957980 
3.957816 
3.957651 
3.957487 
3.957323 
3.957159 
3.956996 
3.956832 
3.956668 
3.956505 
3.956341 
3.956178 
3.956015 
3.955852 
3.955689 
3.955526 
3.955363 
3.955200 
3.955038 
3.954875 
3.954713 
3.954550 
3.954388 
3.954226 
3.954064 
3.953902 
3.953740 
3.953578 
3.953417 
3.953255 
3.953094 
3.952933 
3.952771 
3.952610 
3.952449 
3.952288 
3.952127 
3.951967 
3.951806 
3.951646 
3.951485 
3.951325 
3.951164 
3.951004 
3.950844 
3.950684 
3.950525 
3.950365 
3.950205 
3.950046 
3.949886 
3.949727 
3.949567 
3.949408 
3.949249 
3.949090 
3.948931 
3.948773 
3.948614 
3.948455 
3.948297 
3.948138 
3.947980 
3.947822 
3.947664 
3.947506 
3.947348 
3.947190 
3.947032 
3.946875 
3.946717 
3.946560 
3.946402 
3.946245 
3.946088 
3.945931 
3.945774 
3.945617 
3.945460 
3.945304 
3.945147 
3.944991 
3.944834 
3.944678 
3.944522 
3.944366 
3.944210 
3.944054 
3.943898 
3.943742 
3.943587 
3.943431 
3.943276 
3.943121 
3.942965 
3.942810 
3.942655 
3.942500 
3.942345 
3.942191 
3.942036 
3.941881 
3.941727 
3.941573 
3.941418 
3.941264 
3.941110 
3.940956 
3.940802 
3.940648 
3.940495 
3.940341 
3.940187 
3.940034 
3.939881 
3.939727 
3.939574 
3.939421 
3.939268 
3.939115 
3.938962 
3.938810 
3.938657 
3.938505 
3.938352 
3.938200 
3.938048 
3.937896 
3.937743 
3.937592 
3.937440 
3.937288 
3.937136 
3.936985 
3.936833 
3.936682 
3.936530 
3.936379 
3.936228 
3.936077 
3.935926 
3.935775 
3.935625 
3.935474 
3.935323 
3.935173 
3.935022 
3.934872 
3.934722 
3.934572 
3.934422 
3.934272 
3.934122 
3.933972 
3.933823 
3.933673 
3.933524 
3.933374 
3.933225 
3.933076 
3.932927 
3.932778 
3.932629 
3.932480 
3.932331 
3.932183 
3.932034 
3.931885 
3.931737 
3.931589 
3.931441 
3.931293 
3.931144 
3.930997 
3.930849 
3.930701 
3.930553 
3.930406 
3.930258 
3.930111 
3.929964 
3.929816 
3.929669 
3.929522 
3.929375 
3.929228 
3.929082 
3.928935 
3.928788 
3.928642 
3.928495 
3.928349 
3.928203 
3.928057 
3.927911 
3.927765 
3.927619 
3.927473 
3.927327 
3.927182 
3.927036 
3.926891 
3.926745 
3.926600 
3.926455 
3.926310 
3.926165 
3.926020 
3.925875 
3.925731 
3.925586 
3.925441 
3.925297 
3.925153 
3.925008 
3.924864 
3.924720 
3.924576 
3.924432 
3.924288 
3.924144 
3.924001 
3.923857 
3.923714 
3.923570 
3.923427 
3.923284 
3.923140 
3.922997 
3.922854 
3.922712 
3.922569 
3.922426 
3.922283 
3.922141 
3.921998 
3.921856 
3.921714 
3.921572 
3.921429 
3.921287 
3.921145 
3.921004 
3.920862 
3.920720 
3.920579 
3.920437 
3.920296 
3.920154 
3.920013 
3.919872 
3.919731 
3.919590 
3.919449 
3.919308 
3.919167 
3.919027 
3.918886 
3.918746 
3.918605 
3.918465 
3.918325 
3.918184 
3.918044 
3.917904 
3.917765 
3.917625 
3.917485 
3.917345 
3.917206 
3.917066 
3.916927 
3.916788 
3.916649 
3.916509 
3.916370 
3.916231 
3.916093 
3.915954 
3.915815 
3.915676 
3.915538 
3.915399 
3.915261 
3.915123 
3.914985 
3.914846 
3.914708 
3.914570 
3.914433 
3.914295 
3.914157 
3.914019 
3.913882 
3.913745 
3.913607 
3.913470 
3.913333 
3.913196 
3.913059 
3.912922 
3.912785 
3.912648 
3.912511 
3.912375 
3.912238 
3.912102 
3.911965 
3.911829 
3.911693 
3.911557 
3.911421 
3.911285 
3.911149 
3.911013 
3.910877 
3.910742 
3.910606 
3.910471 
3.910335 
3.910200 
3.910065 
3.909929 
3.909794 
3.909659 
3.909525 
3.909390 
3.909255 
3.909120 
3.908986 
3.908851 
3.908717 
3.908583 
3.908448 
3.908314 
3.908180 
3.908046 
3.907912 
3.907778 
3.907645 
3.907511 
3.907377 
3.907244 
3.907110 
3.906977 
3.906844 
3.906711 
3.906577 
3.906444 
3.906311 
3.906179 
3.906046 
3.905913 
3.905780 
3.905648 
3.905515 
3.905383 
3.905251 
3.905118 
3.904986 
3.904854 
3.904722 
3.904590 
3.904459 
3.904327 
3.904195 
3.904063 
3.903932 
3.903801 
3.903669 
3.903538 
3.903407 
3.903276 
3.903145 
3.903014 
3.902883 
3.902752 
3.902621 
3.902491 
3.902360 
3.902229 
3.902099 
3.901969 
3.901839 
3.901708 
3.901578 
3.901448 
3.901318 
3.901188 
3.901059 
3.900929 
3.900799 
3.900670 
3.900540 
3.900411 
3.900282 
3.900152 
3.900023 
3.899894 
3.899765 
3.899636 
3.899507 
3.899379 
3.899250 
3.899121 
3.898993 
3.898864 
3.898736 
3.898608 
3.898479 
3.898351 
3.898223 
3.898095 
3.897967 
3.897839 
3.897712 
3.897584 
3.897456 
3.897329 
3.897201 
3.897074 
3.896947 
3.896820 
3.896692 
3.896565 
3.896438 
3.896311 
3.896185 
3.896058 
3.895931 
3.895804 
3.895678 
3.895551 
3.895425 
3.895299 
3.895173 
3.895046 
3.894920 
3.894794 
3.894668 
3.894543 
3.894417 
3.894291 
3.894165 
3.894040 
3.893914 
3.893789 
3.893664 
3.893538 
3.893413 
3.893288 
3.893163 
3.893038 
3.892913 
3.892788 
3.892664 
3.892539 
3.892415 
3.892290 
3.892166 
3.892041 
3.891917 
3.891793 
3.891669 
3.891545 
3.891421 
3.891297 
3.891173 
3.891049 
3.890925 
3.890802 
3.890678 
3.890555 
3.890431 
3.890308 
3.890185 
3.890062 
3.889939 
3.889816 
3.889693 
3.889570 
3.889447 
3.889324 
3.889202 
3.889079 
3.888957 
3.888834 
3.888712 
3.888590 
3.888467 
3.888345 
3.888223 
3.888101 
3.887979 
3.887858 
3.887736 
3.887614 
3.887492 
3.887371 
3.887249 
3.887128 
3.887007 
3.886885 
3.886764 
3.886643 
3.886522 
3.886401 
3.886280 
3.886159 
3.886039 
3.885918 
3.885797 
3.885677 
3.885556 
3.885436 
3.885316 
3.885196 
3.885075 
3.884955 
3.884835 
3.884715 
3.884595 
3.884476 
3.884356 
3.884236 
3.884117 
3.883997 
3.883878 
3.883758 
3.883639 
3.883520 
3.883401 
3.883281 
3.883162 
3.883043 
3.882925 
3.882806 
3.882687 
3.882568 
3.882450 
3.882331 
3.882213 
3.882094 
3.881976 
3.881858 
3.881740 
3.881622 
3.881504 
3.881386 
3.881268 
3.881150 
3.881032 
3.880914 
3.880797 
3.880679 
3.880562 
3.880444 
3.880327 
3.880210 
3.880093 
3.879976 
3.879859 
3.879742 
3.879625 
3.879508 
3.879391 
3.879274 
3.879158 
3.879041 
3.878925 
3.878808 
3.878692 
3.878576 
3.878459 
3.878343 
3.878227 
3.878111 
3.877995 
3.877879 
3.877764 
3.877648 
3.877532 
3.877417 
3.877301 
3.877186 
3.877070 
3.876955 
3.876840 
3.876725 
3.876610 
3.876494 
3.876380 
3.876265 
3.876150 
3.876035 
3.875920 
3.875806 
3.875691 
3.875577 
3.875462 
3.875348 
3.875234 
3.875119 
3.875005 
3.874891 
3.874777 
3.874663 
3.874549 
3.874436 
3.874322 
3.874208 
3.874095 
3.873981 
3.873868 
3.873754 
3.873641 
3.873528 
3.873414 
3.873301 
3.873188 
3.873075 
3.872962 
3.872849 
3.872737 
3.872624 
3.872511 
3.872399 
3.872286 
3.872174 
3.872061 
3.871949 
3.871837 
3.871724 
3.871612 
3.871500 
3.871388 
3.871276 
3.871164 
3.871053 
3.870941 
3.870829 
3.870718 
3.870606 
3.870495 
3.870383 
3.870272 
3.870161 
3.870050 
3.869938 
3.869827 
3.869716 
3.869605 
3.869495 
3.869384 
3.869273 
3.869162 
3.869052 
3.868941 
3.868831 
3.868720 
3.868610 
3.868500 
3.868389 
3.868279 
3.868169 
3.868059 
3.867949 
3.867839 
3.867730 
3.867620 
3.867510 
3.867401 
3.867291 
3.867182 
3.867072 
3.866963 
3.866853 
3.866744 
3.866635 
3.866526 
3.866417 
3.866308 
3.866199 
3.866090 
3.865981 
3.865873 
3.865764 
3.865655 
3.865547 
3.865438 
3.865330 
3.865222 
3.865114 
3.865005 
3.864897 
3.864789 
3.864681 
3.864573 
3.864465 
3.864357 
3.864250 
3.864142 
3.864034 
3.863927 
3.863819 
3.863712 
3.863605 
3.863497 
3.863390 
3.863283 
3.863176 
3.863069 
3.862962 
3.862855 
3.862748 
3.862641 
3.862534 
3.862428 
3.862321 
3.862215 
3.862108 
3.862002 
3.861895 
3.861789 
3.861683 
3.861577 
3.861470 
3.861364 
3.861258 
3.861153 
3.861047 
3.860941 
3.860835 
3.860730 
3.860624 
3.860518 
3.860413 
3.860307 
3.860202 
3.860097 
3.859992 
3.859886 
3.859781 
3.859676 
3.859571 
3.859466 
3.859362 
3.859257 
3.859152 
3.859047 
3.858943 
3.858838 
3.858734 
3.858629 
3.858525 
3.858421 
3.858316 
3.858212 
3.858108 
3.858004 
3.857900 
3.857796 
3.857692 
3.857588 
3.857485 
3.857381 
3.857277 
3.857174 
3.857070 
3.856967 
3.856863 
3.856760 
3.856657 
3.856554 
3.856451 
3.856347 
3.856244 
3.856141 
3.856039 
3.855936 
3.855833 
3.855730 
3.855628 
3.855525 
3.855422 
3.855320 
3.855218 
3.855115 
3.855013 
3.854911 
3.854809 
3.854706 
3.854604 
3.854502 
3.854400 
3.854299 
3.854197 
3.854095 
3.853993 
3.853892 
3.853790 
3.853689 
3.853587 
3.853486 
3.853385 
3.853283 
3.853182 
3.853081 
3.852980 
3.852879 
3.852778 
3.852677 
3.852576 
3.852475 
3.852374 
3.852274 
3.852173 
3.852073 
3.851972 
3.851872 
3.851771 
3.851671 
3.851571 
3.851471 
3.851370 
3.851270 
3.851170 
3.851070 
3.850970 
3.850871 
3.850771 
3.850671 
3.850571 
3.850472 
3.850372 
3.850273 
3.850173 
3.850074 
3.849974 
3.849875 
3.849776 
3.849677 
3.849578 
3.849479 
3.849380 
3.849281 
3.849182 
3.849083 
3.848984 
3.848886 
3.848787 
3.848689 
3.848590 
3.848492 
3.848393 
3.848295 
3.848197 
3.848098 
3.848000 
3.847902 
3.847804 
3.847706 
3.847608 
3.847510 
3.847412 
3.847315 
3.847217 
3.847119 
3.847022 
3.846924 
3.846827 
3.846729 
3.846632 
3.846535 
3.846437 
3.846340 
3.846243 
3.846146 
3.846049 
3.845952 
3.845855 
3.845758 
3.845661 
3.845565 
3.845468 
3.845371 
3.845275 
3.845178 
3.845082 
3.844985 
3.844889 
3.844793 
3.844696 
3.844600 
3.844504 
3.844408 
3.844312 
3.844216 
3.844120 
3.844024 
3.843929 
3.843833 
3.843737 
3.843642 
3.843546 
3.843451 
3.843355 
3.843260 
3.843164 
3.843069 
3.842974 
3.842879 
3.842784 
3.842689 
3.842594 
3.842499 
3.842404 
3.842309 
3.842214 
3.842119 
3.842025 
3.841930 
3.841835 
3.841741 
3.841647 
3.841552 
3.841458 
3.841364 
3.841269 
3.841175 
3.841081 
3.840987 
3.840893 
3.840799 
3.840705 
3.840611 
3.840517 
3.840424 
3.840330 
3.840236 
3.840143 
3.840049 
3.839956 
3.839862 
3.839769 
3.839676 
3.839582 
3.839489 
3.839396 
3.839303 
3.839210 
3.839117 
3.839024 
3.838931 
3.838838 
3.838746 
3.838653 
3.838560 
3.838468 
3.838375 
3.838283 
3.838190 
3.838098 
3.838006 
3.837913 
3.837821 
3.837729 
3.837637 
3.837545 
3.837453 
3.837361 
3.837269 
3.837177 
3.837085 
3.836993 
3.836902 
3.836810 
3.836719 
3.836627 
3.836536 
3.836444 
3.836353 
3.836261 
3.836170 
3.836079 
3.835988 
3.835897 
3.835806 
3.835715 
3.835624 
3.835533 
3.835442 
3.835351 
3.835260 
3.835170 
3.835079 
3.834989 
3.834898 
3.834808 
3.834717 
3.834627 
3.834536 
3.834446 
3.834356 
3.834266 
3.834176 
3.834086 
3.833996 
3.833906 
3.833816 
3.833726 
3.833636 
3.833546 
3.833457 
3.833367 
3.833278 
3.833188 
3.833099 
3.833009 
3.832920 
3.832830 
3.832741 
3.832652 
3.832563 
3.832474 
3.832385 
3.832296 
3.832207 
3.832118 
3.832029 
3.831940 
3.831851 
3.831762 
3.831674 
3.831585 
3.831497 
3.831408 
3.831320 
3.831231 
3.831143 
3.831055 
3.830966 
3.830878 
3.830790 
3.830702 
3.830614 
3.830526 
3.830438 
3.830350 
3.830262 
3.830174 
3.830087 
3.829999 
3.829911 
3.829824 
3.829736 
3.829649 
3.829561 
3.829474 
3.829387 
3.829299 
3.829212 
3.829125 
3.829038 
3.828951 
3.828864 
3.828777 
3.828690 
3.828603 
3.828516 
3.828429 
3.828342 
3.828256 
3.828169 
3.828083 
3.827996 
3.827910 
3.827823 
3.827737 
3.827650 
3.827564 
3.827478 
3.827392 
3.827306 
3.827219 
3.827133 
3.827047 
3.826961 
3.826876 
3.826790 
3.826704 
3.826618 
3.826533 
3.826447 
3.826361 
3.826276 
3.826190 
3.826105 
3.826019 
3.825934 
3.825849 
3.825763 
3.825678 
3.825593 
3.825508 
3.825423 
3.825338 
3.825253 
3.825168 
3.825083 
3.824998 
3.824914 
3.824829 
3.824744 
3.824660 
3.824575 
3.824491 
3.824406 
3.824322 
3.824237 
3.824153 
3.824069 
3.823984 
3.823900 
3.823816 
3.823732 
3.823648 
3.823564 
3.823480 
3.823396 
3.823312 
3.823229 
3.823145 
3.823061 
3.822977 
3.822894 
3.822810 
3.822727 
3.822643 
3.822560 
3.822477 
3.822393 
3.822310 
3.822227 
3.822144 
3.822060 
3.821977 
3.821894 
3.821811 
3.821728 
3.821645 
3.821563 
3.821480 
3.821397 
3.821314 
3.821232 
3.821149 
3.821067 
3.820984 
3.820902 
3.820819 
3.820737 
3.820654 
3.820572 
3.820490 
3.820408 
3.820326 
3.820244 
3.820162 
3.820080 
3.819998 
3.819916 
3.819834 
3.819752 
3.819670 
3.819589 
3.819507 
3.819425 
3.819344 
3.819262 
3.819181 
3.819099 
3.819018 
3.818936 
3.818855 
3.818774 
3.818693 
3.818612 
3.818530 
3.818449 
3.818368 
3.818287 
3.818206 
3.818126 
3.818045 
3.817964 
3.817883 
3.817802 
3.817722 
3.817641 
3.817561 
3.817480 
3.817400 
3.817319 
3.817239 
3.817159 
3.817078 
3.816998 
3.816918 
3.816838 
3.816758 
3.816677 
3.816597 
3.816518 
3.816438 
3.816358 
3.816278 
3.816198 
3.816118 
3.816039 
3.815959 
3.815879 
3.815800 
3.815720 
3.815641 
3.815561 
3.815482 
3.815403 
3.815323 
3.815244 
3.815165 
3.815086 
3.815007 
3.814928 
3.814849 
3.814770 
3.814691 
3.814612 
3.814533 
3.814454 
3.814375 
3.814297 
3.814218 
3.814139 
3.814061 
3.813982 
3.813904 
3.813825 
3.813747 
3.813669 
3.813590 
3.813512 
3.813434 
3.813356 
3.813278 
3.813199 
3.813121 
3.813043 
3.812965 
3.812888 
3.812810 
3.812732 
3.812654 
3.812576 
3.812499 
3.812421 
3.812343 
3.812266 
3.812188 
3.812111 
3.812033 
3.811956 
3.811879 
3.811801 
3.811724 
3.811647 
3.811570 
3.811493 
3.811416 
3.811339 
3.811262 
3.811185 
3.811108 
3.811031 
3.810954 
3.810877 
3.810801 
3.810724 
3.810647 
3.810571 
3.810494 
3.810418 
3.810341 
3.810265 
3.810188 
3.810112 
3.810036 
3.809959 
3.809883 
3.809807 
3.809731 
3.809655 
3.809579 
3.809503 
3.809427 
3.809351 
3.809275 
3.809199 
3.809123 
3.809048 
3.808972 
3.808896 
3.808821 
3.808745 
3.808669 
3.808594 
3.808519 
3.808443 
3.808368 
3.808292 
3.808217 
3.808142 
3.808067 
3.807992 
3.807916 
3.807841 
3.807766 
3.807691 
3.807616 
3.807542 
3.807467 
3.807392 
3.807317 
3.807242 
3.807168 
3.807093 
3.807018 
3.806944 
3.806869 
3.806795 
3.806720 
3.806646 
3.806572 
3.806497 
3.806423 
3.806349 
3.806275 
3.806200 
3.806126 
3.806052 
3.805978 
3.805904 
3.805830 
3.805756 
3.805683 
3.805609 
3.805535 
3.805461 
3.805388 
3.805314 
3.805240 
3.805167 
3.805093 
3.805020 
3.804946 
3.804873 
3.804799 
3.804726 
3.804653 
3.804580 
3.804506 
3.804433 
3.804360 
3.804287 
3.804214 
3.804141 
3.804068 
3.803995 
3.803922 
3.803849 
3.803777 
3.803704 
3.803631 
3.803559 
3.803486 
3.803413 
3.803341 
3.803268 
3.803196 
3.803123 
3.803051 
3.802979 
3.802906 
3.802834 
3.802762 
3.802690 
3.802617 
3.802545 
3.802473 
3.802401 
3.802329 
3.802257 
3.802185 
3.802114 
3.802042 
3.801970 
3.801898 
3.801826 
3.801755 
3.801683 
3.801612 
3.801540 
3.801468 
3.801397 
3.801326 
3.801254 
3.801183 
3.801112 
3.801040 
3.800969 
3.800898 
3.800827 
3.800756 
3.800684 
3.800613 
3.800542 
3.800471 
3.800401 
3.800330 
3.800259 
3.800188 
3.800117 
3.800047 
3.799976 
3.799905 
3.799835 
3.799764 
3.799694 
3.799623 
3.799553 
3.799482 
3.799412 
3.799341 
3.799271 
3.799201 
3.799131 
3.799061 
3.798990 
3.798920 
3.798850 
3.798780 
3.798710 
3.798640 
3.798570 
3.798501 
3.798431 
3.798361 
3.798291 
3.798221 
3.798152 
3.798082 
3.798013 
3.797943 
3.797873 
3.797804 
3.797735 
3.797665 
3.797596 
3.797526 
3.797457 
3.797388 
3.797319 
3.797249 
3.797180 
3.797111 
3.797042 
3.796973 
3.796904 
3.796835 
3.796766 
3.796697 
3.796629 
3.796560 
3.796491 
3.796422 
3.796354 
3.796285 
3.796216 
3.796148 
3.796079 
3.796011 
3.795942 
3.795874 
3.795805 
3.795737 
3.795669 
3.795601 
3.795532 
3.795464 
3.795396 
3.795328 
3.795260 
3.795192 
3.795124 
3.795056 
3.794988 
3.794920 
3.794852 
3.794784 
3.794716 
3.794649 
3.794581 
3.794513 
3.794446 
3.794378 
3.794311 
3.794243 
3.794176 
3.794108 
3.794041 
3.793973 
3.793906 
3.793839 
3.793771 
3.793704 
3.793637 
3.793570 
3.793503 
3.793436 
3.793369 
3.793301 
3.793235 
3.793168 
3.793101 
3.793034 
3.792967 
3.792900 
3.792833 
3.792767 
3.792700 
3.792633 
3.792567 
3.792500 
3.792434 
3.792367 
3.792301 
3.792234 
3.792168 
3.792102 
3.792035 
3.791969 
3.791903 
3.791836 
3.791770 
3.791704 
3.791638 
3.791572 
3.791506 
3.791440 
3.791374 
3.791308 
3.791242 
3.791176 
3.791110 
3.791045 
3.790979 
3.790913 
3.790848 
3.790782 
3.790716 
3.790651 
3.790585 
3.790520 
3.790454 
3.790389 
3.790323 
3.790258 
3.790193 
3.790128 
3.790062 
3.789997 
3.789932 
3.789867 
3.789802 
3.789737 
3.789672 
3.789607 
3.789542 
3.789477 
3.789412 
3.789347 
3.789282 
3.789217 
3.789153 
3.789088 
3.789023 
3.788958 
3.788894 
3.788829 
3.788765 
3.788700 
3.788636 
3.788571 
3.788507 
3.788443 
3.788378 
3.788314 
3.788250 
3.788185 
3.788121 
3.788057 
3.787993 
3.787929 
3.787865 
3.787801 
3.787737 
3.787673 
3.787609 
3.787545 
3.787481 
3.787417 
3.787354 
3.787290 
3.787226 
3.787162 
3.787099 
3.787035 
3.786972 
3.786908 
3.786844 
3.786781 
3.786718 
3.786654 
3.786591 
3.786527 
3.786464 
3.786401 
3.786338 
3.786274 
3.786211 
3.786148 
3.786085 
3.786022 
3.785959 
3.785896 
3.785833 
3.785770 
3.785707 
3.785644 
3.785581 
3.785519 
3.785456 
3.785393 
3.785330 
3.785268 
3.785205 
3.785143 
3.785080 
3.785018 
3.784955 
3.784893 
3.784830 
3.784768 
3.784705 
3.784643 
3.784581 
3.784519 
3.784456 
3.784394 
3.784332 
3.784270 
3.784208 
3.784146 
3.784084 
3.784022 
3.783960 
3.783898 
3.783836 
3.783774 
3.783712 
3.783650 
3.783589 
3.783527 
3.783465 
3.783404 
3.783342 
3.783280 
3.783219 
3.783157 
3.783096 
3.783034 
3.782973 
3.782911 
3.782850 
3.782789 
3.782727 
3.782666 
3.782605 
3.782544 
3.782482 
3.782421 
3.782360 
3.782299 
3.782238 
3.782177 
3.782116 
3.782055 
3.781994 
3.781933 
3.781873 
3.781812 
3.781751 
3.781690 
3.781629 
3.781569 
3.781508 
3.781447 
3.781387 
3.781326 
3.781266 
3.781205 
3.781145 
3.781084 
3.781024 
3.780964 
3.780903 
3.780843 
3.780783 
3.780723 
3.780662 
3.780602 
3.780542 
3.780482 
3.780422 
3.780362 
3.780302 
3.780242 
3.780182 
3.780122 
3.780062 
3.780002 
3.779942 
3.779883 
3.779823 
3.779763 
3.779703 
3.779644 
3.779584 
3.779524 
3.779465 
3.779405 
3.779346 
3.779286 
3.779227 
3.779167 
3.779108 
3.779049 
3.778989 
3.778930 
3.778871 
3.778812 
3.778752 
3.778693 
3.778634 
3.778575 
3.778516 
3.778457 
3.778398 
3.778339 
3.778280 
3.778221 
3.778162 
3.778103 
3.778044 
3.777986 
3.777927 
3.777868 
3.777809 
3.777751 
3.777692 
3.777634 
3.777575 
3.777516 
3.777458 
3.777399 
3.777341 
3.777283 
3.777224 
3.777166 
3.777107 
3.777049 
3.776991 
3.776933 
3.776874 
3.776816 
3.776758 
3.776700 
3.776642 
3.776584 
3.776526 
3.776468 
3.776410 
3.776352 
3.776294 
3.776236 
3.776178 
3.776120 
3.776063 
3.776005 
3.775947 
3.775889 
3.775832 
3.775774 
3.775717 
3.775659 
3.775601 
3.775544 
3.775486 
3.775429 
3.775372 
3.775314 
3.775257 
3.775199 
3.775142 
3.775085 
3.775028 
3.774970 
3.774913 
3.774856 
3.774799 
3.774742 
3.774685 
3.774628 
3.774571 
3.774514 
3.774457 
3.774400 
3.774343 
3.774286 
3.774229 
3.774172 
3.774116 
3.774059 
3.774002 
3.773945 
3.773889 
3.773832 
3.773776 
3.773719 
3.773663 
3.773606 
3.773550 
3.773493 
3.773437 
3.773380 
3.773324 
3.773268 
3.773211 
3.773155 
3.773099 
3.773042 
3.772986 
3.772930 
3.772874 
3.772818 
3.772762 
3.772706 
3.772650 
3.772594 
3.772538 
3.772482 
3.772426 
3.772370 
3.772314 
3.772258 
3.772203 
3.772147 
3.772091 
3.772036 
3.771980 
3.771924 
3.771869 
3.771813 
3.771757 
3.771702 
3.771646 
3.771591 
3.771536 
3.771480 
3.771425 
3.771369 
3.771314 
3.771259 
3.771203 
3.771148 
3.771093 
3.771038 
3.770983 
3.770928 
3.770872 
3.770817 
3.770762 
3.770707 
3.770652 
3.770597 
3.770542 
3.770487 
3.770433 
3.770378 
3.770323 
3.770268 
3.770213 
3.770159 
3.770104 
3.770049 
3.769995 
3.769940 
3.769885 
3.769831 
3.769776 
3.769722 
3.769667 
3.769613 
3.769558 
3.769504 
3.769450 
3.769395 
3.769341 
3.769287 
3.769232 
3.769178 
3.769124 
3.769070 
3.769016 
3.768962 
3.768907 
3.768853 
3.768799 
3.768745 
3.768691 
3.768637 
3.768583 
3.768530 
3.768476 
3.768422 
3.768368 
3.768314 
3.768260 
3.768207 
3.768153 
3.768099 
3.768046 
3.767992 
3.767938 
3.767885 
3.767831 
3.767778 
3.767724 
3.767671 
3.767617 
3.767564 
3.767510 
3.767457 
3.767404 
3.767350 
3.767297 
3.767244 
3.767191 
3.767138 
3.767084 
3.767031 
3.766978 
3.766925 
3.766872 
3.766819 
3.766766 
3.766713 
3.766660 
3.766607 
3.766554 
3.766501 
3.766448 
3.766396 
3.766343 
3.766290 
3.766237 
3.766185 
3.766132 
3.766079 
3.766027 
3.765974 
3.765921 
3.765869 
3.765816 
3.765764 
3.765711 
3.765659 
3.765606 
3.765554 
3.765502 
3.765449 
3.765397 
3.765345 
3.765292 
3.765240 
3.765188 
3.765136 
3.765083 
3.765031 
3.764979 
3.764927 
3.764875 
3.764823 
3.764771 
3.764719 
3.764667 
3.764615 
3.764563 
3.764511 
3.764460 
3.764408 
3.764356 
3.764304 
3.764252 
3.764201 
3.764149 
3.764097 
3.764046 
3.763994 
3.763942 
3.763891 
3.763839 
3.763788 
3.763736 
3.763685 
3.763633 
3.763582 
3.763531 
3.763479 
3.763428 
3.763377 
3.763325 
3.763274 
3.763223 
3.763172 
3.763120 
3.763069 
3.763018 
3.762967 
3.762916 
3.762865 
3.762814 
3.762763 
3.762712 
3.762661 
3.762610 
3.762559 
3.762508 
3.762457 
3.762406 
3.762356 
3.762305 
3.762254 
3.762203 
3.762153 
3.762102 
3.762051 
3.762001 
3.761950 
3.761899 
3.761849 
3.761798 
3.761748 
3.761697 
3.761647 
3.761596 
3.761546 
3.761496 
3.761445 
3.761395 
3.761345 
3.761294 
3.761244 
3.761194 
3.761144 
3.761093 
3.761043 
3.760993 
3.760943 
3.760893 
3.760843 
3.760793 
3.760743 
3.760693 
3.760643 
3.760593 
3.760543 
3.760493 
3.760443 
3.760393 
3.760344 
3.760294 
3.760244 
3.760194 
3.760145 
3.760095 
3.760045 
3.759996 
3.759946 
3.759896 
3.759847 
3.759797 
3.759748 
3.759698 
3.759649 
3.759599 
3.759550 
3.759500 
3.759451 
3.759402 
3.759352 
3.759303 
3.759254 
3.759205 
3.759155 
3.759106 
3.759057 
3.759008 
3.758959 
3.758909 
3.758860 
3.758811 
3.758762 
3.758713 
3.758664 
3.758615 
3.758566 
3.758517 
3.758468 
3.758420 
3.758371 
3.758322 
3.758273 
3.758224 
3.758176 
3.758127 
3.758078 
3.758029 
3.757981 
3.757932 
3.757883 
3.757835 
3.757786 
3.757738 
3.757689 
3.757641 
3.757592 
3.757544 
3.757495 
3.757447 
3.757399 
3.757350 
3.757302 
3.757254 
3.757205 
3.757157 
3.757109 
3.757061 
3.757012 
3.756964 
3.756916 
3.756868 
3.756820 
3.756772 
3.756724 
3.756676 
3.756628 
3.756580 
3.756532 
3.756484 
3.756436 
3.756388 
3.756340 
3.756292 
3.756244 
3.756196 
3.756149 
3.756101 
3.756053 
3.756005 
3.755958 
3.755910 
3.755862 
3.755815 
3.755767 
3.755720 
3.755672 
3.755625 
3.755577 
3.755530 
3.755482 
3.755435 
3.755387 
3.755340 
3.755292 
3.755245 
3.755198 
3.755150 
3.755103 
3.755056 
3.755009 
3.754961 
3.754914 
3.754867 
3.754820 
3.754773 
3.754726 
3.754679 
3.754632 
3.754584 
3.754537 
3.754490 
3.754443 
3.754397 
3.754350 
3.754303 
3.754256 
3.754209 
3.754162 
3.754115 
3.754069 
3.754022 
3.753975 
3.753928 
3.753882 
3.753835 
3.753788 
3.753742 
3.753695 
3.753648 
3.753602 
3.753555 
3.753509 
3.753462 
3.753416 
3.753369 
3.753323 
3.753276 
3.753230 
3.753184 
3.753137 
3.753091 
3.753045 
3.752998 
3.752952 
3.752906 
3.752860 
3.752813 
3.752767 
3.752721 
3.752675 
3.752629 
3.752583 
3.752537 
3.752491 
3.752444 
3.752398 
3.752352 
3.752307 
3.752261 
3.752215 
3.752169 
3.752123 
3.752077 
3.752031 
3.751985 
3.751940 
3.751894 
3.751848 
3.751802 
3.751757 
3.751711 
3.751665 
3.751620 
3.751574 
3.751528 
3.751483 
3.751437 
3.751392 
3.751346 
3.751301 
3.751255 
3.751210 
3.751164 
3.751119 
3.751073 
3.751028 
3.750983 
3.750937 
3.750892 
3.750847 
3.750802 
3.750756 
3.750711 
3.750666 
3.750621 
3.750576 
3.750530 
3.750485 
3.750440 
3.750395 
3.750350 
3.750305 
3.750260 
3.750215 
3.750170 
3.750125 
3.750080 
3.750035 
3.749990 
3.749945 
3.749901 
3.749856 
3.749811 
3.749766 
3.749721 
3.749677 
3.749632 
3.749587 
3.749543 
3.749498 
3.749453 
3.749409 
3.749364 
3.749319 
3.749275 
3.749230 
3.749186 
3.749141 
3.749097 
3.749052 
3.749008 
3.748964 
3.748919 
3.748875 
3.748830 
3.748786 
3.748742 
3.748697 
3.748653 
3.748609 
3.748565 
3.748520 
3.748476 
3.748432 
3.748388 
3.748344 
3.748300 
3.748256 
3.748211 
3.748167 
3.748123 
3.748079 
3.748035 
3.747991 
3.747947 
3.747903 
3.747860 
3.747816 
3.747772 
3.747728 
3.747684 
3.747640 
3.747596 
3.747553 
3.747509 
3.747465 
3.747421 
3.747378 
3.747334 
3.747290 
3.747247 
3.747203 
3.747160 
3.747116 
3.747072 
3.747029 
3.746985 
3.746942 
3.746898 
3.746855 
3.746811 
3.746768 
3.746725 
3.746681 
3.746638 
3.746595 
3.746551 
3.746508 
3.746465 
3.746421 
3.746378 
3.746335 
3.746292 
3.746248 
3.746205 
3.746162 
3.746119 
3.746076 
3.746033 
3.745990 
3.745947 
3.745904 
3.745861 
3.745818 
3.745775 
3.745732 
3.745689 
3.745646 
3.745603 
3.745560 
3.745517 
3.745474 
3.745432 
3.745389 
3.745346 
3.745303 
3.745260 
3.745218 
3.745175 
3.745132 
3.745090 
3.745047 
3.745004 
3.744962 
3.744919 
3.744876 
3.744834 
3.744791 
3.744749 
3.744706 
3.744664 
3.744621 
3.744579 
3.744537 
3.744494 
3.744452 
3.744409 
3.744367 
3.744325 
3.744282 
3.744240 
3.744198 
3.744155 
3.744113 
3.744071 
3.744029 
3.743987 
3.743944 
3.743902 
3.743860 
3.743818 
3.743776 
3.743734 
3.743692 
3.743650 
3.743608 
3.743566 
3.743524 
3.743482 
3.743440 
3.743398 
3.743356 
3.743314 
3.743272 
3.743230 
3.743189 
3.743147 
3.743105 
3.743063 
3.743021 
3.742980 
3.742938 
3.742896 
3.742854 
3.742813 
3.742771 
3.742730 
3.742688 
3.742646 
3.742605 
3.742563 
3.742522 
3.742480 
3.742439 
3.742397 
3.742356 
3.742314 
3.742273 
3.742231 
3.742190 
3.742148 
3.742107 
3.742066 
3.742024 
3.741983 
3.741942 
3.741901 
3.741859 
3.741818 
3.741777 
3.741736 
3.741694 
3.741653 
3.741612 
3.741571 
3.741530 
3.741489 
3.741448 
3.741407 
3.741366 
3.741324 
3.741283 
3.741242 
3.741201 
3.741161 
3.741120 
3.741079 
3.741038 
3.740997 
3.740956 
3.740915 
3.740874 
3.740833 
3.740793 
3.740752 
3.740711 
3.740670 
3.740630 
3.740589 
3.740548 
3.740508 
3.740467 
3.740426 
3.740386 
3.740345 
3.740304 
3.740264 
3.740223 
3.740183 
3.740142 
3.740102 
3.740061 
3.740021 
3.739980 
3.739940 
3.739899 
3.739859 
3.739819 
3.739778 
3.739738 
3.739697 
3.739657 
3.739617 
3.739577 
3.739536 
3.739496 
3.739456 
3.739416 
3.739375 
3.739335 
3.739295 
3.739255 
3.739215 
3.739175 
3.739134 
3.739094 
3.739054 
3.739014 
3.738974 
3.738934 
3.738894 
3.738854 
3.738814 
3.738774 
3.738734 
3.738694 
3.738655 
3.738615 
3.738575 
3.738535 
3.738495 
3.738455 
3.738416 
3.738376 
3.738336 
3.738296 
3.738256 
3.738217 
3.738177 
3.738137 
3.738098 
3.738058 
3.738018 
3.737979 
3.737939 
3.737900 
3.737860 
3.737820 
3.737781 
3.737741 
3.737702 
3.737662 
3.737623 
3.737583 
3.737544 
3.737505 
3.737465 
3.737426 
3.737386 
3.737347 
3.737308 
3.737268 
3.737229 
3.737190 
3.737151 
3.737111 
3.737072 
3.737033 
3.736994 
3.736954 
3.736915 
3.736876 
3.736837 
3.736798 
3.736759 
3.736720 
3.736680 
3.736641 
3.736602 
3.736563 
3.736524 
3.736485 
3.736446 
3.736407 
3.736368 
3.736329 
3.736290 
3.736252 
3.736213 
3.736174 
3.736135 
3.736096 
3.736057 
3.736018 
3.735980 
3.735941 
3.735902 
3.735863 
3.735825 
3.735786 
3.735747 
3.735708 
3.735670 
3.735631 
3.735592 
3.735554 
3.735515 
3.735477 
3.735438 
3.735400 
3.735361 
3.735322 
3.735284 
3.735245 
3.735207 
3.735168 
3.735130 
3.735092 
3.735053 
3.735015 
3.734976 
3.734938 
3.734900 
3.734861 
3.734823 
3.734785 
3.734746 
3.734708 
3.734670 
3.734631 
3.734593 
3.734555 
3.734517 
3.734479 
3.734440 
3.734402 
3.734364 
3.734326 
3.734288 
3.734250 
3.734212 
3.734174 
3.734135 
3.734097 
3.734059 
3.734021 
3.733983 
3.733945 
3.733907 
3.733869 
3.733832 
3.733794 
3.733756 
3.733718 
3.733680 
3.733642 
3.733604 
3.733566 
3.733529 
3.733491 
3.733453 
3.733415 
3.733377 
3.733340 
3.733302 
3.733264 
3.733227 
3.733189 
3.733151 
3.733113 
3.733076 
3.733038 
3.733001 
3.732963 
3.732925 
3.732888 
3.732850 
3.732813 
3.732775 
3.732738 
3.732700 
3.732663 
3.732625 
3.732588 
3.732550 
3.732513 
3.732476 
3.732438 
3.732401 
3.732363 
3.732326 
3.732289 
3.732251 
3.732214 
3.732177 
3.732140 
3.732102 
3.732065 
3.732028 
3.731991 
3.731953 
3.731916 
3.731879 
3.731842 
3.731805 
3.731768 
3.731730 
3.731693 
3.731656 
3.731619 
3.731582 
3.731545 
3.731508 
3.731471 
3.731434 
3.731397 
3.731360 
3.731323 
3.731286 
3.731249 
3.731212 
3.731175 
3.731138 
3.731102 
3.731065 
3.731028 
3.730991 
3.730954 
3.730917 
3.730881 
3.730844 
3.730807 
3.730770 
3.730733 
3.730697 
3.730660 
3.730623 
3.730587 
3.730550 
3.730513 
3.730477 
3.730440 
3.730403 
3.730367 
3.730330 
3.730294 
3.730257 
3.730221 
3.730184 
3.730148 
3.730111 
3.730075 
3.730038 
3.730002 
3.729965 
3.729929 
3.729892 
3.729856 
3.729819 
3.729783 
3.729747 
3.729710 
3.729674 
3.729638 
3.729601 
3.729565 
3.729529 
3.729492 
3.729456 
3.729420 
3.729384 
3.729348 
3.729311 
3.729275 
3.729239 
3.729203 
3.729167 
3.729130 
3.729094 
3.729058 
3.729022 
3.728986 
3.728950 
3.728914 
3.728878 
3.728842 
3.728806 
3.728770 
3.728734 
3.728698 
3.728662 
3.728626 
3.728590 
3.728554 
3.728518 
3.728482 
3.728446 
3.728410 
3.728375 
3.728339 
3.728303 
3.728267 
3.728231 
3.728195 
3.728160 
3.728124 
3.728088 
3.728052 
3.728017 
3.727981 
3.727945 
3.727910 
3.727874 
3.727838 
3.727803 
3.727767 
3.727731 
3.727696 
3.727660 
3.727625 
3.727589 
3.727553 
3.727518 
3.727482 
3.727447 
3.727411 
3.727376 
3.727340 
3.727305 
3.727269 
3.727234 
3.727198 
3.727163 
3.727128 
3.727092 
3.727057 
3.727021 
3.726986 
3.726951 
3.726915 
3.726880 
3.726845 
3.726809 
3.726774 
3.726739 
3.726704 
3.726668 
3.726633 
3.726598 
3.726563 
3.726528 
3.726492 
3.726457 
3.726422 
3.726387 
3.726352 
3.726317 
3.726282 
3.726246 
3.726211 
3.726176 
3.726141 
3.726106 
3.726071 
3.726036 
3.726001 
3.725966 
3.725931 
3.725896 
3.725861 
3.725826 
3.725791 
3.725756 
3.725721 
3.725687 
3.725652 
3.725617 
3.725582 
3.725547 
3.725512 
3.725477 
3.725443 
3.725408 
3.725373 
3.725338 
3.725303 
3.725269 
3.725234 
3.725199 
3.725164 
3.725130 
3.725095 
3.725060 
3.725026 
3.724991 
3.724956 
3.724922 
3.724887 
3.724853 
3.724818 
3.724783 
3.724749 
3.724714 
3.724680 
3.724645 
3.724611 
3.724576 
3.724542 
3.724507 
3.724473 
3.724438 
3.724404 
3.724369 
3.724335 
3.724300 
3.724266 
3.724232 
3.724197 
3.724163 
3.724128 
3.724094 
3.724060 
3.724025 
3.723991 
3.723957 
3.723923 
3.723888 
3.723854 
3.723820 
3.723785 
3.723751 
3.723717 
3.723683 
3.723649 
3.723614 
3.723580 
3.723546 
3.723512 
3.723478 
3.723444 
3.723409 
3.723375 
3.723341 
3.723307 
3.723273 
3.723239 
3.723205 
3.723171 
3.723137 
3.723103 
3.723069 
3.723035 
3.723001 
3.722967 
3.722933 
3.722899 
3.722865 
3.722831 
3.722797 
3.722763 
3.722729 
3.722696 
3.722662 
3.722628 
3.722594 
3.722560 
3.722526 
3.722493 
3.722459 
3.722425 
3.722391 
3.722357 
3.722324 
3.722290 
3.722256 
3.722222 
3.722189 
3.722155 
3.722121 
3.722088 
3.722054 
3.722020 
3.721987 
3.721953 
3.721919 
3.721886 
3.721852 
3.721818 
3.721785 
3.721751 
3.721718 
3.721684 
3.721651 
3.721617 
3.721584 
3.721550 
3.721517 
3.721483 
3.721450 
3.721416 
3.721383 
3.721349 
3.721316 
3.721282 
3.721249 
3.721216 
3.721182 
3.721149 
3.721115 
3.721082 
3.721049 
3.721015 
3.720982 
3.720949 
3.720915 
3.720882 
3.720849 
3.720816 
3.720782 
3.720749 
3.720716 
3.720683 
3.720649 
3.720616 
3.720583 
3.720550 
3.720517 
3.720483 
3.720450 
3.720417 
3.720384 
3.720351 
3.720318 
3.720285 
3.720252 
3.720218 
3.720185 
3.720152 
3.720119 
3.720086 
3.720053 
3.720020 
3.719987 
3.719954 
3.719921 
3.719888 
3.719855 
3.719822 
3.719789 
3.719756 
3.719723 
3.719690 
3.719658 
3.719625 
3.719592 
3.719559 
3.719526 
3.719493 
3.719460 
3.719427 
3.719395 
3.719362 
3.719329 
3.719296 
3.719263 
3.719231 
3.719198 
3.719165 
3.719132 
3.719100 
3.719067 
3.719034 
3.719001 
3.718969 
3.718936 
3.718903 
3.718871 
3.718838 
3.718805 
3.718773 
3.718740 
3.718707 
3.718675 
3.718642 
3.718610 
3.718577 
3.718545 
3.718512 
3.718479 
3.718447 
3.718414 
3.718382 
3.718349 
3.718317 
3.718284 
3.718252 
3.718219 
3.718187 
3.718154 
3.718122 
3.718090 
3.718057 
3.718025 
3.717992 
3.717960 
3.717927 
3.717895 
3.717863 
3.717830 
3.717798 
3.717766 
3.717733 
3.717701 
3.717669 
3.717636 
3.717604 
3.717572 
3.717540 
3.717507 
3.717475 
3.717443 
3.717411 
3.717378 
3.717346 
3.717314 
3.717282 
3.717250 
3.717217 
3.717185 
3.717153 
3.717121 
3.717089 
3.717057 
3.717024 
3.716992 
3.716960 
3.716928 
3.716896 
3.716864 
3.716832 
3.716800 
3.716768 
3.716736 
3.716704 
3.716672 
3.716640 
3.716608 
3.716576 
3.716544 
3.716512 
3.716480 
3.716448 
3.716416 
3.716384 
3.716352 
3.716320 
3.716288 
3.716256 
3.716224 
3.716192 
3.716161 
3.716129 
3.716097 
3.716065 
3.716033 
3.716001 
3.715969 
3.715938 
3.715906 
3.715874 
3.715842 
3.715810 
3.715779 
3.715747 
3.715715 
3.715683 
3.715652 
3.715620 
3.715588 
3.715557 
3.715525 
3.715493 
3.715462 
3.715430 
3.715398 
3.715367 
3.715335 
3.715303 
3.715272 
3.715240 
3.715208 
3.715177 
3.715145 
3.715114 
3.715082 
3.715050 
3.715019 
3.714987 
3.714956 
3.714924 
3.714893 
3.714861 
3.714830 
3.714798 
3.714767 
3.714735 
3.714704 
3.714672 
3.714641 
3.714609 
3.714578 
3.714546 
3.714515 
3.714484 
3.714452 
3.714421 
3.714389 
3.714358 
3.714327 
3.714295 
3.714264 
3.714233 
3.714201 
3.714170 
3.714139 
3.714107 
3.714076 
3.714045 
3.714013 
3.713982 
3.713951 
3.713920 
3.713888 
3.713857 
3.713826 
3.713795 
3.713763 
3.713732 
3.713701 
3.713670 
3.713639 
3.713607 
3.713576 
3.713545 
3.713514 
3.713483 
3.713452 
3.713421 
3.713389 
3.713358 
3.713327 
3.713296 
3.713265 
3.713234 
3.713203 
3.713172 
3.713141 
3.713110 
3.713079 
3.713048 
3.713016 
3.712985 
3.712954 
3.712923 
3.712892 
3.712861 
3.712830 
3.712800 
3.712769 
3.712738 
3.712707 
3.712676 
3.712645 
3.712614 
3.712583 
3.712552 
3.712521 
3.712490 
3.712459 
3.712428 
3.712398 
3.712367 
3.712336 
3.712305 
3.712274 
3.712243 
3.712212 
3.712182 
3.712151 
3.712120 
3.712089 
3.712058 
3.712028 
3.711997 
3.711966 
3.711935 
3.711905 
3.711874 
3.711843 
3.711812 
3.711782 
3.711751 
3.711720 
3.711690 
3.711659 
3.711628 
3.711598 
3.711567 
3.711536 
3.711506 
3.711475 
3.711444 
3.711414 
3.711383 
3.711352 
3.711322 
3.711291 
3.711261 
3.711230 
3.711199 
3.711169 
3.711138 
3.711108 
3.711077 
3.711047 
3.711016 
3.710986 
3.710955 
3.710925 
3.710894 
3.710864 
3.710833 
3.710803 
3.710772 
3.710742 
3.710711 
3.710681 
3.710650 
3.710620 
3.710589 
3.710559 
3.710529 
3.710498 
3.710468 
3.710437 
3.710407 
3.710377 
3.710346 
3.710316 
3.710286 
3.710255 
3.710225 
3.710194 
3.710164 
3.710134 
3.710104 
3.710073 
3.710043 
3.710013 
3.709982 
3.709952 
3.709922 
3.709891 
3.709861 
3.709831 
3.709801 
3.709770 
3.709740 
3.709710 
3.709680 
3.709650 
3.709619 
3.709589 
3.709559 
3.709529 
3.709499 
3.709468 
3.709438 
3.709408 
3.709378 
3.709348 
3.709318 
3.709288 
3.709257 
3.709227 
3.709197 
3.709167 
3.709137 
3.709107 
3.709077 
3.709047 
3.709017 
3.708987 
3.708956 
3.708926 
3.708896 
3.708866 
3.708836 
3.708806 
3.708776 
3.708746 
3.708716 
3.708686 
3.708656 
3.708626 
3.708596 
3.708566 
3.708536 
3.708506 
3.708476 
3.708446 
3.708417 
3.708387 
3.708357 
3.708327 
3.708297 
3.708267 
3.708237 
3.708207 
3.708177 
3.708147 
3.708117 
3.708088 
3.708058 
3.708028 
3.707998 
3.707968 
3.707938 
3.707908 
3.707879 
3.707849 
3.707819 
3.707789 
3.707759 
3.707730 
3.707700 
3.707670 
3.707640 
3.707610 
3.707581 
3.707551 
3.707521 
3.707491 
3.707462 
3.707432 
3.707402 
3.707373 
3.707343 
3.707313 
3.707283 
3.707254 
3.707224 
3.707194 
3.707165 
3.707135 
3.707105 
3.707076 
3.707046 
3.707016 
3.706987 
3.706957 
3.706927 
3.706898 
3.706868 
3.706839 
3.706809 
3.706779 
3.706750 
3.706720 
3.706691 
3.706661 
3.706631 
3.706602 
3.706572 
3.706543 
3.706513 
3.706484 
3.706454 
3.706425 
3.706395 
3.706366 
3.706336 
3.706306 
3.706277 
3.706247 
3.706218 
3.706189 
3.706159 
3.706130 
3.706100 
3.706071 
3.706041 
3.706012 
3.705982 
3.705953 
3.705923 
3.705894 
3.705865 
3.705835 
3.705806 
3.705776 
3.705747 
3.705717 
3.705688 
3.705659 
3.705629 
3.705600 
3.705571 
3.705541 
3.705512 
3.705483 
3.705453 
3.705424 
3.705395 
3.705365 
3.705336 
3.705307 
3.705277 
3.705248 
3.705219 
3.705189 
3.705160 
3.705131 
3.705101 
3.705072 
3.705043 
3.705014 
3.704984 
3.704955 
3.704926 
3.704897 
3.704867 
3.704838 
3.704809 
3.704780 
3.704750 
3.704721 
3.704692 
3.704663 
3.704634 
3.704604 
3.704575 
3.704546 
3.704517 
3.704488 
3.704459 
3.704429 
3.704400 
3.704371 
3.704342 
3.704313 
3.704284 
3.704255 
3.704225 
3.704196 
3.704167 
3.704138 
3.704109 
3.704080 
3.704051 
3.704022 
3.703993 
3.703964 
3.703934 
3.703905 
3.703876 
3.703847 
3.703818 
3.703789 
3.703760 
3.703731 
3.703702 
3.703673 
3.703644 
3.703615 
3.703586 
3.703557 
3.703528 
3.703499 
3.703470 
3.703441 
3.703412 
3.703383 
3.703354 
3.703325 
3.703296 
3.703267 
3.703238 
3.703209 
3.703180 
3.703151 
3.703122 
3.703093 
3.703065 
3.703036 
3.703007 
3.702978 
3.702949 
3.702920 
3.702891 
3.702862 
3.702833 
3.702804 
3.702775 
3.702747 
3.702718 
3.702689 
3.702660 
3.702631 
3.702602 
3.702573 
3.702545 
3.702516 
3.702487 
3.702458 
3.702429 
3.702400 
3.702372 
3.702343 
3.702314 
3.702285 
3.702256 
3.702228 
3.702199 
3.702170 
3.702141 
3.702112 
3.702084 
3.702055 
3.702026 
3.701997 
3.701969 
3.701940 
3.701911 
3.701882 
3.701854 
3.701825 
3.701796 
3.701767 
3.701739 
3.701710 
3.701681 
3.701653 
3.701624 
3.701595 
3.701566 
3.701538 
3.701509 
3.701480 
3.701452 
3.701423 
3.701394 
3.701366 
3.701337 
3.701308 
3.701280 
3.701251 
3.701222 
3.701194 
3.701165 
3.701136 
3.701108 
3.701079 
3.701051 
3.701022 
3.700993 
3.700965 
3.700936 
3.700908 
3.700879 
3.700850 
3.700822 
3.700793 
3.700765 
3.700736 
3.700707 
3.700679 
3.700650 
3.700622 
3.700593 
3.700565 
3.700536 
3.700508 
3.700479 
3.700450 
3.700422 
3.700393 
3.700365 
3.700336 
3.700308 
3.700279 
3.700251 
3.700222 
3.700194 
3.700165 
3.700137 
3.700108 
3.700080 
3.700051 
3.700023 
3.699994 
3.699966 
3.699937 
3.699909 
3.699880 
3.699852 
3.699824 
3.699795 
3.699767 
3.699738 
3.699710 
3.699681 
3.699653 
3.699624 
3.699596 
3.699568 
3.699539 
3.699511 
3.699482 
3.699454 
3.699425 
3.699397 
3.699369 
3.699340 
3.699312 
3.699283 
3.699255 
3.699227 
3.699198 
3.699170 
3.699142 
3.699113 
3.699085 
3.699056 
3.699028 
3.699000 
3.698971 
3.698943 
3.698915 
3.698886 
3.698858 
3.698830 
3.698801 
3.698773 
3.698745 
3.698716 
3.698688 
3.698660 
3.698631 
3.698603 
3.698575 
3.698546 
3.698518 
3.698490 
3.698462 
3.698433 
3.698405 
3.698377 
3.698348 
3.698320 
3.698292 
3.698264 
3.698235 
3.698207 
3.698179 
3.698151 
3.698122 
3.698094 
3.698066 
3.698038 
3.698009 
3.697981 
3.697953 
3.697925 
3.697896 
3.697868 
3.697840 
3.697812 
3.697783 
3.697755 
3.697727 
3.697699 
3.697671 
3.697642 
3.697614 
3.697586 
3.697558 
3.697530 
3.697501 
3.697473 
3.697445 
3.697417 
3.697389 
3.697361 
3.697332 
3.697304 
3.697276 
3.697248 
3.697220 
3.697192 
3.697163 
3.697135 
3.697107 
3.697079 
3.697051 
3.697023 
3.696994 
3.696966 
3.696938 
3.696910 
3.696882 
3.696854 
3.696826 
3.696798 
3.696769 
3.696741 
3.696713 
3.696685 
3.696657 
3.696629 
3.696601 
3.696573 
3.696545 
3.696516 
3.696488 
3.696460 
3.696432 
3.696404 
3.696376 
3.696348 
3.696320 
3.696292 
3.696264 
3.696236 
3.696208 
3.696180 
3.696151 
3.696123 
3.696095 
3.696067 
3.696039 
3.696011 
3.695983 
3.695955 
3.695927 
3.695899 
3.695871 
3.695843 
3.695815 
3.695787 
3.695759 
3.695731 
3.695703 
3.695675 
3.695647 
3.695619 
3.695591 
3.695563 
3.695535 
3.695507 
3.695479 
3.695451 
3.695423 
3.695395 
3.695367 
3.695339 
3.695311 
3.695283 
3.695255 
3.695227 
3.695199 
3.695171 
3.695143 
3.695115 
3.695087 
3.695059 
3.695031 
3.695003 
3.694975 
3.694947 
3.694919 
3.694891 
3.694863 
3.694835 
3.694807 
3.694779 
3.694751 
3.694723 
3.694695 
3.694667 
3.694639 
3.694611 
3.694584 
3.694556 
3.694528 
3.694500 
3.694472 
3.694444 
3.694416 
3.694388 
3.694360 
3.694332 
3.694304 
3.694276 
3.694248 
3.694220 
3.694193 
3.694165 
3.694137 
3.694109 
3.694081 
3.694053 
3.694025 
3.693997 
3.693969 
3.693941 
3.693913 
3.693886 
3.693858 
3.693830 
3.693802 
3.693774 
3.693746 
3.693718 
3.693690 
3.693662 
3.693635 
3.693607 
3.693579 
3.693551 
3.693523 
3.693495 
3.693467 
3.693439 
3.693412 
3.693384 
3.693356 
3.693328 
3.693300 
3.693272 
3.693244 
3.693217 
3.693189 
3.693161 
3.693133 
3.693105 
3.693077 
3.693049 
3.693022 
3.692994 
3.692966 
3.692938 
3.692910 
3.692882 
3.692855 
3.692827 
3.692799 
3.692771 
3.692743 
3.692715 
3.692687 
3.692660 
3.692632 
3.692604 
3.692576 
3.692548 
3.692521 
3.692493 
3.692465 
3.692437 
3.692409 
3.692381 
3.692354 
3.692326 
3.692298 
3.692270 
3.692242 
3.692215 
3.692187 
3.692159 
3.692131 
3.692103 
3.692075 
3.692048 
3.692020 
3.691992 
3.691964 
3.691936 
3.691909 
3.691881 
3.691853 
3.691825 
3.691797 
3.691770 
3.691742 
3.691714 
3.691686 
3.691659 
3.691631 
3.691603 
3.691575 
3.691547 
3.691520 
3.691492 
3.691464 
3.691436 
3.691408 
3.691381 
3.691353 
3.691325 
3.691297 
3.691270 
3.691242 
3.691214 
3.691186 
3.691158 
3.691131 
3.691103 
3.691075 
3.691047 
3.691020 
3.690992 
3.690964 
3.690936 
3.690909 
3.690881 
3.690853 
3.690825 
3.690797 
3.690770 
3.690742 
3.690714 
3.690686 
3.690659 
3.690631 
3.690603 
3.690575 
3.690548 
3.690520 
3.690492 
3.690464 
3.690437 
3.690409 
3.690381 
3.690353 
3.690326 
3.690298 
3.690270 
3.690242 
3.690214 
3.690187 
3.690159 
3.690131 
3.690103 
3.690076 
3.690048 
3.690020 
3.689992 
3.689965 
3.689937 
3.689909 
3.689881 
3.689854 
3.689826 
3.689798 
3.689770 
3.689743 
3.689715 
3.689687 
3.689659 
3.689632 
3.689604 
3.689576 
3.689549 
3.689521 
3.689493 
3.689465 
3.689438 
3.689410 
3.689382 
3.689354 
3.689327 
3.689299 
3.689271 
3.689243 
3.689216 
3.689188 
3.689160 
3.689132 
3.689105 
3.689077 
3.689049 
3.689021 
3.688994 
3.688966 
3.688938 
3.688910 
3.688883 
3.688855 
3.688827 
3.688799 
3.688772 
3.688744 
3.688716 
3.688688 
3.688661 
3.688633 
3.688605 
3.688578 
3.688550 
3.688522 
3.688494 
3.688467 
3.688439 
3.688411 
3.688383 
3.688356 
3.688328 
3.688300 
3.688272 
3.688245 
3.688217 
3.688189 
3.688161 
3.688134 
3.688106 
3.688078 
3.688050 
3.688023 
3.687995 
3.687967 
3.687939 
3.687912 
3.687884 
3.687856 
3.687828 
3.687801 
3.687773 
3.687745 
3.687717 
3.687690 
3.687662 
3.687634 
3.687606 
3.687579 
3.687551 
3.687523 
3.687495 
3.687468 
3.687440 
3.687412 
3.687384 
3.687357 
3.687329 
3.687301 
3.687273 
3.687246 
3.687218 
3.687190 
3.687162 
3.687135 
3.687107 
3.687079 
3.687051 
3.687024 
3.686996 
3.686968 
3.686940 
3.686912 
3.686885 
3.686857 
3.686829 
3.686801 
3.686774 
3.686746 
3.686718 
3.686690 
3.686663 
3.686635 
3.686607 
3.686579 
3.686551 
3.686524 
3.686496 
3.686468 
3.686440 
3.686413 
3.686385 
3.686357 
3.686329 
3.686301 
3.686274 
3.686246 
3.686218 
3.686190 
3.686163 
3.686135 
3.686107 
3.686079 
3.686051 
3.686024 
3.685996 
3.685968 
3.685940 
3.685912 
3.685885 
3.685857 
3.685829 
3.685801 
3.685773 
3.685746 
3.685718 
3.685690 
3.685662 
3.685634 
3.685607 
3.685579 
3.685551 
3.685523 
3.685495 
3.685468 
3.685440 
3.685412 
3.685384 
3.685356 
3.685329 
3.685301 
3.685273 
3.685245 
3.685217 
3.685189 
3.685162 
3.685134 
3.685106 
3.685078 
3.685050 
3.685023 
3.684995 
3.684967 
3.684939 
3.684911 
3.684883 
3.684855 
3.684828 
3.684800 
3.684772 
3.684744 
3.684716 
3.684688 
3.684661 
3.684633 
3.684605 
3.684577 
3.684549 
3.684521 
3.684493 
3.684466 
3.684438 
3.684410 
3.684382 
3.684354 
3.684326 
3.684298 
3.684271 
3.684243 
3.684215 
3.684187 
3.684159 
3.684131 
3.684103 
3.684075 
3.684048 
3.684020 
3.683992 
3.683964 
3.683936 
3.683908 
3.683880 
3.683852 
3.683824 
3.683797 
3.683769 
3.683741 
3.683713 
3.683685 
3.683657 
3.683629 
3.683601 
3.683573 
3.683545 
3.683518 
3.683490 
3.683462 
3.683434 
3.683406 
3.683378 
3.683350 
3.683322 
3.683294 
3.683266 
3.683238 
3.683210 
3.683182 
3.683154 
3.683127 
3.683099 
3.683071 
3.683043 
3.683015 
3.682987 
3.682959 
3.682931 
3.682903 
3.682875 
3.682847 
3.682819 
3.682791 
3.682763 
3.682735 
3.682707 
3.682679 
3.682651 
3.682623 
3.682595 
3.682567 
3.682539 
3.682511 
3.682483 
3.682455 
3.682427 
3.682399 
3.682371 
3.682343 
3.682315 
3.682287 
3.682259 
3.682231 
3.682203 
3.682175 
3.682147 
3.682119 
3.682091 
3.682063 
3.682035 
3.682007 
3.681979 
3.681951 
3.681923 
3.681895 
3.681867 
3.681839 
3.681811 
3.681783 
3.681755 
3.681727 
3.681699 
3.681671 
3.681643 
3.681615 
3.681587 
3.681559 
3.681530 
3.681502 
3.681474 
3.681446 
3.681418 
3.681390 
3.681362 
3.681334 
3.681306 
3.681278 
3.681250 
3.681222 
3.681193 
3.681165 
3.681137 
3.681109 
3.681081 
3.681053 
3.681025 
3.680997 
3.680969 
3.680940 
3.680912 
3.680884 
3.680856 
3.680828 
3.680800 
3.680772 
3.680744 
3.680715 
3.680687 
3.680659 
3.680631 
3.680603 
3.680575 
3.680546 
3.680518 
3.680490 
3.680462 
3.680434 
3.680406 
3.680377 
3.680349 
3.680321 
3.680293 
3.680265 
3.680236 
3.680208 
3.680180 
3.680152 
3.680124 
3.680095 
3.680067 
3.680039 
3.680011 
3.679983 
3.679954 
3.679926 
3.679898 
3.679870 
3.679841 
3.679813 
3.679785 
3.679757 
3.679729 
3.679700 
3.679672 
3.679644 
3.679615 
3.679587 
3.679559 
3.679531 
3.679502 
3.679474 
3.679446 
3.679418 
3.679389 
3.679361 
3.679333 
3.679304 
3.679276 
3.679248 
3.679220 
3.679191 
3.679163 
3.679135 
3.679106 
3.679078 
3.679050 
3.679021 
3.678993 
3.678965 
3.678936 
3.678908 
3.678880 
3.678851 
3.678823 
3.678795 
3.678766 
3.678738 
3.678709 
3.678681 
3.678653 
3.678624 
3.678596 
3.678568 
3.678539 
3.678511 
3.678482 
3.678454 
3.678426 
3.678397 
3.678369 
3.678340 
3.678312 
3.678283 
3.678255 
3.678227 
3.678198 
3.678170 
3.678141 
3.678113 
3.678084 
3.678056 
3.678028 
3.677999 
3.677971 
3.677942 
3.677914 
3.677885 
3.677857 
3.677828 
3.677800 
3.677771 
3.677743 
3.677714 
3.677686 
3.677657 
3.677629 
3.677600 
3.677572 
3.677543 
3.677515 
3.677486 
3.677458 
3.677429 
3.677401 
3.677372 
3.677343 
3.677315 
3.677286 
3.677258 
3.677229 
3.677201 
3.677172 
3.677144 
3.677115 
3.677086 
3.677058 
3.677029 
3.677001 
3.676972 
3.676943 
3.676915 
3.676886 
3.676858 
3.676829 
3.676800 
3.676772 
3.676743 
3.676714 
3.676686 
3.676657 
3.676628 
3.676600 
3.676571 
3.676542 
3.676514 
3.676485 
3.676456 
3.676428 
3.676399 
3.676370 
3.676342 
3.676313 
3.676284 
3.676256 
3.676227 
3.676198 
3.676169 
3.676141 
3.676112 
3.676083 
3.676054 
3.676026 
3.675997 
3.675968 
3.675939 
3.675911 
3.675882 
3.675853 
3.675824 
3.675796 
3.675767 
3.675738 
3.675709 
3.675680 
3.675652 
3.675623 
3.675594 
3.675565 
3.675536 
3.675508 
3.675479 
3.675450 
3.675421 
3.675392 
3.675363 
3.675335 
3.675306 
3.675277 
3.675248 
3.675219 
3.675190 
3.675161 
3.675132 
3.675104 
3.675075 
3.675046 
3.675017 
3.674988 
3.674959 
3.674930 
3.674901 
3.674872 
3.674843 
3.674814 
3.674785 
3.674756 
3.674727 
3.674698 
3.674670 
3.674641 
3.674612 
3.674583 
3.674554 
3.674525 
3.674496 
3.674467 
3.674438 
3.674409 
3.674380 
3.674351 
3.674322 
3.674292 
3.674263 
3.674234 
3.674205 
3.674176 
3.674147 
3.674118 
3.674089 
3.674060 
3.674031 
3.674002 
3.673973 
3.673944 
3.673915 
3.673885 
3.673856 
3.673827 
3.673798 
3.673769 
3.673740 
3.673711 
3.673682 
3.673652 
3.673623 
3.673594 
3.673565 
3.673536 
3.673507 
3.673477 
3.673448 
3.673419 
3.673390 
3.673361 
3.673331 
3.673302 
3.673273 
3.673244 
3.673215 
3.673185 
3.673156 
3.673127 
3.673098 
3.673068 
3.673039 
3.673010 
3.672981 
3.672951 
3.672922 
3.672893 
3.672863 
3.672834 
3.672805 
3.672775 
3.672746 
3.672717 
3.672687 
3.672658 
3.672629 
3.672599 
3.672570 
3.672541 
3.672511 
3.672482 
3.672453 
3.672423 
3.672394 
3.672364 
3.672335 
3.672306 
3.672276 
3.672247 
3.672217 
3.672188 
3.672158 
3.672129 
3.672100 
3.672070 
3.672041 
3.672011 
3.671982 
3.671952 
3.671923 
3.671893 
3.671864 
3.671834 
3.671805 
3.671775 
3.671746 
3.671716 
3.671687 
3.671657 
3.671628 
3.671598 
3.671568 
3.671539 
3.671509 
3.671480 
3.671450 
3.671421 
3.671391 
3.671361 
3.671332 
3.671302 
3.671272 
3.671243 
3.671213 
3.671184 
3.671154 
3.671124 
3.671095 
3.671065 
3.671035 
3.671006 
3.670976 
3.670946 
3.670916 
3.670887 
3.670857 
3.670827 
3.670798 
3.670768 
3.670738 
3.670708 
3.670679 
3.670649 
3.670619 
3.670589 
3.670560 
3.670530 
3.670500 
3.670470 
3.670440 
3.670411 
3.670381 
3.670351 
3.670321 
3.670291 
3.670261 
3.670232 
3.670202 
3.670172 
3.670142 
3.670112 
3.670082 
3.670052 
3.670022 
3.669993 
3.669963 
3.669933 
3.669903 
3.669873 
3.669843 
3.669813 
3.669783 
3.669753 
3.669723 
3.669693 
3.669663 
3.669633 
3.669603 
3.669573 
3.669543 
3.669513 
3.669483 
3.669453 
3.669423 
3.669393 
3.669363 
3.669333 
3.669303 
3.669273 
3.669243 
3.669213 
3.669183 
3.669152 
3.669122 
3.669092 
3.669062 
3.669032 
3.669002 
3.668972 
3.668942 
3.668911 
3.668881 
3.668851 
3.668821 
3.668791 
3.668760 
3.668730 
3.668700 
3.668670 
3.668640 
3.668609 
3.668579 
3.668549 
3.668519 
3.668488 
3.668458 
3.668428 
3.668398 
3.668367 
3.668337 
3.668307 
3.668276 
3.668246 
3.668216 
3.668185 
3.668155 
3.668125 
3.668094 
3.668064 
3.668034 
3.668003 
3.667973 
3.667942 
3.667912 
3.667882 
3.667851 
3.667821 
3.667790 
3.667760 
3.667729 
3.667699 
3.667668 
3.667638 
3.667608 
3.667577 
3.667547 
3.667516 
3.667486 
3.667455 
3.667424 
3.667394 
3.667363 
3.667333 
3.667302 
3.667272 
3.667241 
3.667211 
3.667180 
3.667149 
3.667119 
3.667088 
3.667058 
3.667027 
3.666996 
3.666966 
3.666935 
3.666904 
3.666874 
3.666843 
3.666812 
3.666782 
3.666751 
3.666720 
3.666689 
3.666659 
3.666628 
3.666597 
3.666566 
3.666536 
3.666505 
3.666474 
3.666443 
3.666413 
3.666382 
3.666351 
3.666320 
3.666289 
3.666258 
3.666228 
3.666197 
3.666166 
3.666135 
3.666104 
3.666073 
3.666042 
3.666011 
3.665981 
3.665950 
3.665919 
3.665888 
3.665857 
3.665826 
3.665795 
3.665764 
3.665733 
3.665702 
3.665671 
3.665640 
3.665609 
3.665578 
3.665547 
3.665516 
3.665485 
3.665454 
3.665423 
3.665392 
3.665361 
3.665329 
3.665298 
3.665267 
3.665236 
3.665205 
3.665174 
3.665143 
3.665112 
3.665080 
3.665049 
3.665018 
3.664987 
3.664956 
3.664924 
3.664893 
3.664862 
3.664831 
3.664800 
3.664768 
3.664737 
3.664706 
3.664674 
3.664643 
3.664612 
3.664581 
3.664549 
3.664518 
3.664487 
3.664455 
3.664424 
3.664393 
3.664361 
3.664330 
3.664298 
3.664267 
3.664236 
3.664204 
3.664173 
3.664141 
3.664110 
3.664078 
3.664047 
3.664015 
3.663984 
3.663953 
3.663921 
3.663890 
3.663858 
3.663826 
3.663795 
3.663763 
3.663732 
3.663700 
3.663669 
3.663637 
3.663606 
3.663574 
3.663542 
3.663511 
3.663479 
3.663447 
3.663416 
3.663384 
3.663352 
3.663321 
3.663289 
3.663257 
3.663226 
3.663194 
3.663162 
3.663130 
3.663099 
3.663067 
3.663035 
3.663003 
3.662972 
3.662940 
3.662908 
3.662876 
3.662844 
3.662813 
3.662781 
3.662749 
3.662717 
3.662685 
3.662653 
3.662621 
3.662589 
3.662558 
3.662526 
3.662494 
3.662462 
3.662430 
3.662398 
3.662366 
3.662334 
3.662302 
3.662270 
3.662238 
3.662206 
3.662174 
3.662142 
3.662110 
3.662078 
3.662046 
3.662014 
3.661981 
3.661949 
3.661917 
3.661885 
3.661853 
3.661821 
3.661789 
3.661756 
3.661724 
3.661692 
3.661660 
3.661628 
3.661595 
3.661563 
3.661531 
3.661499 
3.661467 
3.661434 
3.661402 
3.661370 
3.661337 
3.661305 
3.661273 
3.661240 
3.661208 
3.661176 
3.661143 
3.661111 
3.661079 
3.661046 
3.661014 
3.660981 
3.660949 
3.660916 
3.660884 
3.660852 
3.660819 
3.660787 
3.660754 
3.660722 
3.660689 
3.660657 
3.660624 
3.660592 
3.660559 
3.660526 
3.660494 
3.660461 
3.660429 
3.660396 
3.660363 
3.660331 
3.660298 
3.660265 
3.660233 
3.660200 
3.660167 
3.660135 
3.660102 
3.660069 
3.660037 
3.660004 
3.659971 
3.659938 
3.659906 
3.659873 
3.659840 
3.659807 
3.659774 
3.659741 
3.659709 
3.659676 
3.659643 
3.659610 
3.659577 
3.659544 
3.659511 
3.659478 
3.659446 
3.659413 
3.659380 
3.659347 
3.659314 
3.659281 
3.659248 
3.659215 
3.659182 
3.659149 
3.659116 
3.659082 
3.659049 
3.659016 
3.658983 
3.658950 
3.658917 
3.658884 
3.658851 
3.658818 
3.658784 
3.658751 
3.658718 
3.658685 
3.658652 
3.658618 
3.658585 
3.658552 
3.658519 
3.658485 
3.658452 
3.658419 
3.658386 
3.658352 
3.658319 
3.658286 
3.658252 
3.658219 
3.658185 
3.658152 
3.658119 
3.658085 
3.658052 
3.658018 
3.657985 
3.657952 
3.657918 
3.657885 
3.657851 
3.657818 
3.657784 
3.657751 
3.657717 
3.657683 
3.657650 
3.657616 
3.657583 
3.657549 
3.657515 
3.657482 
3.657448 
3.657415 
3.657381 
3.657347 
3.657313 
3.657280 
3.657246 
3.657212 
3.657179 
3.657145 
3.657111 
3.657077 
3.657044 
3.657010 
3.656976 
3.656942 
3.656908 
3.656874 
3.656841 
3.656807 
3.656773 
3.656739 
3.656705 
3.656671 
3.656637 
3.656603 
3.656569 
3.656535 
3.656501 
3.656467 
3.656433 
3.656399 
3.656365 
3.656331 
3.656297 
3.656263 
3.656229 
3.656195 
3.656161 
3.656126 
3.656092 
3.656058 
3.656024 
3.655990 
3.655956 
3.655921 
3.655887 
3.655853 
3.655819 
3.655784 
3.655750 
3.655716 
3.655682 
3.655647 
3.655613 
3.655579 
3.655544 
3.655510 
3.655475 
3.655441 
3.655407 
3.655372 
3.655338 
3.655303 
3.655269 
3.655234 
3.655200 
3.655165 
3.655131 
3.655096 
3.655062 
3.655027 
3.654993 
3.654958 
3.654924 
3.654889 
3.654854 
3.654820 
3.654785 
3.654750 
3.654716 
3.654681 
3.654646 
3.654612 
3.654577 
3.654542 
3.654507 
3.654473 
3.654438 
3.654403 
3.654368 
3.654333 
3.654298 
3.654264 
3.654229 
3.654194 
3.654159 
3.654124 
3.654089 
3.654054 
3.654019 
3.653984 
3.653949 
3.653914 
3.653879 
3.653844 
3.653809 
3.653774 
3.653739 
3.653704 
3.653669 
3.653634 
3.653599 
3.653564 
3.653528 
3.653493 
3.653458 
3.653423 
3.653388 
3.653352 
3.653317 
3.653282 
3.653247 
3.653211 
3.653176 
3.653141 
3.653106 
3.653070 
3.653035 
3.652999 
3.652964 
3.652929 
3.652893 
3.652858 
3.652822 
3.652787 
3.652752 
3.652716 
3.652681 
3.652645 
3.652610 
3.652574 
3.652538 
3.652503 
3.652467 
3.652432 
3.652396 
3.652360 
3.652325 
3.652289 
3.652253 
3.652218 
3.652182 
3.652146 
3.652111 
3.652075 
3.652039 
3.652003 
3.651968 
3.651932 
3.651896 
3.651860 
3.651824 
3.651788 
3.651752 
3.651717 
3.651681 
3.651645 
3.651609 
3.651573 
3.651537 
3.651501 
3.651465 
3.651429 
3.651393 
3.651357 
3.651321 
3.651285 
3.651249 
3.651212 
3.651176 
3.651140 
3.651104 
3.651068 
3.651032 
3.650995 
3.650959 
3.650923 
3.650887 
3.650850 
3.650814 
3.650778 
3.650742 
3.650705 
3.650669 
3.650633 
3.650596 
3.650560 
3.650523 
3.650487 
3.650450 
3.650414 
3.650378 
3.650341 
3.650305 
3.650268 
3.650232 
3.650195 
3.650158 
3.650122 
3.650085 
3.650049 
3.650012 
3.649975 
3.649939 
3.649902 
3.649865 
3.649829 
3.649792 
3.649755 
3.649718 
3.649682 
3.649645 
3.649608 
3.649571 
3.649534 
3.649497 
3.649461 
3.649424 
3.649387 
3.649350 
3.649313 
3.649276 
3.649239 
3.649202 
3.649165 
3.649128 
3.649091 
3.649054 
3.649017 
3.648980 
3.648943 
3.648906 
3.648868 
3.648831 
3.648794 
3.648757 
3.648720 
3.648682 
3.648645 
3.648608 
3.648571 
3.648533 
3.648496 
3.648459 
3.648421 
3.648384 
3.648347 
3.648309 
3.648272 
3.648235 
3.648197 
3.648160 
3.648122 
3.648085 
3.648047 
3.648010 
3.647972 
3.647935 
3.647897 
3.647859 
3.647822 
3.647784 
3.647746 
3.647709 
3.647671 
3.647633 
3.647596 
3.647558 
3.647520 
3.647482 
3.647445 
3.647407 
3.647369 
3.647331 
3.647293 
3.647255 
3.647218 
3.647180 
3.647142 
3.647104 
3.647066 
3.647028 
3.646990 
3.646952 
3.646914 
3.646876 
3.646838 
3.646800 
3.646762 
3.646723 
3.646685 
3.646647 
3.646609 
3.646571 
3.646533 
3.646494 
3.646456 
3.646418 
3.646380 
3.646341 
3.646303 
3.646265 
3.646226 
3.646188 
3.646149 
3.646111 
3.646073 
3.646034 
3.645996 
3.645957 
3.645919 
3.645880 
3.645842 
3.645803 
3.645765 
3.645726 
3.645687 
3.645649 
3.645610 
3.645571 
3.645533 
3.645494 
3.645455 
3.645417 
3.645378 
3.645339 
3.645300 
3.645261 
3.645223 
3.645184 
3.645145 
3.645106 
3.645067 
3.645028 
3.644989 
3.644950 
3.644911 
3.644872 
3.644833 
3.644794 
3.644755 
3.644716 
3.644677 
3.644638 
3.644599 
3.644560 
3.644520 
3.644481 
3.644442 
3.644403 
3.644364 
3.644324 
3.644285 
3.644246 
3.644206 
3.644167 
3.644128 
3.644088 
3.644049 
3.644009 
3.643970 
3.643930 
3.643891 
3.643852 
3.643812 
3.643772 
3.643733 
3.643693 
3.643654 
3.643614 
3.643574 
3.643535 
3.643495 
3.643455 
3.643416 
3.643376 
3.643336 
3.643296 
3.643257 
3.643217 
3.643177 
3.643137 
3.643097 
3.643057 
3.643017 
3.642977 
3.642938 
3.642898 
3.642858 
3.642818 
3.642778 
3.642737 
3.642697 
3.642657 
3.642617 
3.642577 
3.642537 
3.642497 
3.642456 
3.642416 
3.642376 
3.642336 
3.642295 
3.642255 
3.642215 
3.642175 
3.642134 
3.642094 
3.642053 
3.642013 
3.641972 
3.641932 
3.641892 
3.641851 
3.641811 
3.641770 
3.641729 
3.641689 
3.641648 
3.641608 
3.641567 
3.641526 
3.641486 
3.641445 
3.641404 
3.641363 
3.641323 
3.641282 
3.641241 
3.641200 
3.641159 
3.641118 
3.641077 
3.641037 
3.640996 
3.640955 
3.640914 
3.640873 
3.640832 
3.640791 
3.640749 
3.640708 
3.640667 
3.640626 
3.640585 
3.640544 
3.640503 
3.640461 
3.640420 
3.640379 
3.640338 
3.640296 
3.640255 
3.640214 
3.640172 
3.640131 
3.640089 
3.640048 
3.640006 
3.639965 
3.639923 
3.639882 
3.639840 
3.639799 
3.639757 
3.639716 
3.639674 
3.639632 
3.639591 
3.639549 
3.639507 
3.639465 
3.639424 
3.639382 
3.639340 
3.639298 
3.639256 
3.639214 
3.639172 
3.639131 
3.639089 
3.639047 
3.639005 
3.638963 
3.638921 
3.638878 
3.638836 
3.638794 
3.638752 
3.638710 
3.638668 
3.638626 
3.638583 
3.638541 
3.638499 
3.638457 
3.638414 
3.638372 
3.638330 
3.638287 
3.638245 
3.638202 
3.638160 
3.638117 
3.638075 
3.638032 
3.637990 
3.637947 
3.637905 
3.637862 
3.637819 
3.637777 
3.637734 
3.637691 
3.637649 
3.637606 
3.637563 
3.637520 
3.637478 
3.637435 
3.637392 
3.637349 
3.637306 
3.637263 
3.637220 
3.637177 
3.637134 
3.637091 
3.637048 
3.637005 
3.636962 
3.636919 
3.636875 
3.636832 
3.636789 
3.636746 
3.636703 
3.636659 
3.636616 
3.636573 
3.636529 
3.636486 
3.636443 
3.636399 
3.636356 
3.636312 
3.636269 
3.636225 
3.636182 
3.636138 
3.636095 
3.636051 
3.636007 
3.635964 
3.635920 
3.635876 
3.635833 
3.635789 
3.635745 
3.635701 
3.635657 
3.635613 
3.635570 
3.635526 
3.635482 
3.635438 
3.635394 
3.635350 
3.635306 
3.635262 
3.635218 
3.635173 
3.635129 
3.635085 
3.635041 
3.634997 
3.634953 
3.634908 
3.634864 
3.634820 
3.634775 
3.634731 
3.634687 
3.634642 
3.634598 
3.634553 
3.634509 
3.634464 
3.634420 
3.634375 
3.634331 
3.634286 
3.634241 
3.634197 
3.634152 
3.634107 
3.634063 
3.634018 
3.633973 
3.633928 
3.633883 
3.633838 
3.633793 
3.633749 
3.633704 
3.633659 
3.633614 
3.633569 
3.633524 
3.633478 
3.633433 
3.633388 
3.633343 
3.633298 
3.633253 
3.633207 
3.633162 
3.633117 
3.633072 
3.633026 
3.632981 
3.632935 
3.632890 
3.632845 
3.632799 
3.632754 
3.632708 
3.632662 
3.632617 
3.632571 
3.632526 
3.632480 
3.632434 
3.632389 
3.632343 
3.632297 
3.632251 
3.632205 
3.632160 
3.632114 
3.632068 
3.632022 
3.631976 
3.631930 
3.631884 
3.631838 
3.631792 
3.631746 
3.631699 
3.631653 
3.631607 
3.631561 
3.631515 
3.631468 
3.631422 
3.631376 
3.631329 
3.631283 
3.631237 
3.631190 
3.631144 
3.631097 
3.631051 
3.631004 
3.630958 
3.630911 
3.630864 
3.630818 
3.630771 
3.630724 
3.630678 
3.630631 
3.630584 
3.630537 
3.630490 
3.630443 
3.630397 
3.630350 
3.630303 
3.630256 
3.630209 
3.630162 
3.630115 
3.630067 
3.630020 
3.629973 
3.629926 
3.629879 
3.629831 
3.629784 
3.629737 
3.629689 
3.629642 
3.629595 
3.629547 
3.629500 
3.629452 
3.629405 
3.629357 
3.629310 
3.629262 
3.629214 
3.629167 
3.629119 
3.629071 
3.629024 
3.628976 
3.628928 
3.628880 
3.628832 
3.628784 
3.628737 
3.628689 
3.628641 
3.628593 
3.628545 
3.628496 
3.628448 
3.628400 
3.628352 
3.628304 
3.628256 
3.628207 
3.628159 
3.628111 
3.628062 
3.628014 
3.627966 
3.627917 
3.627869 
3.627820 
3.627772 
3.627723 
3.627675 
3.627626 
3.627577 
3.627529 
3.627480 
3.627431 
3.627382 
3.627334 
3.627285 
3.627236 
3.627187 
3.627138 
3.627089 
3.627040 
3.626991 
3.626942 
3.626893 
3.626844 
3.626795 
3.626746 
3.626696 
3.626647 
3.626598 
3.626549 
3.626499 
3.626450 
3.626400 
3.626351 
3.626302 
3.626252 
3.626203 
3.626153 
3.626103 
3.626054 
3.626004 
3.625955 
3.625905 
3.625855 
3.625805 
3.625756 
3.625706 
3.625656 
3.625606 
3.625556 
3.625506 
3.625456 
3.625406 
3.625356 
3.625306 
3.625256 
3.625206 
3.625155 
3.625105 
3.625055 
3.625005 
3.624954 
3.624904 
3.624854 
3.624803 
3.624753 
3.624702 
3.624652 
3.624601 
3.624551 
3.624500 
3.624449 
3.624399 
3.624348 
3.624297 
3.624246 
3.624196 
3.624145 
3.624094 
3.624043 
3.623992 
3.623941 
3.623890 
3.623839 
3.623788 
3.623737 
3.623686 
3.623634 
3.623583 
3.623532 
3.623481 
3.623429 
3.623378 
3.623327 
3.623275 
3.623224 
3.623172 
3.623121 
3.623069 
3.623018 
3.622966 
3.622914 
3.622863 
3.622811 
3.622759 
3.622707 
3.622656 
3.622604 
3.622552 
3.622500 
3.622448 
3.622396 
3.622344 
3.622292 
3.622240 
3.622188 
3.622135 
3.622083 
3.622031 
3.621979 
3.621926 
3.621874 
3.621822 
3.621769 
3.621717 
3.621664 
3.621612 
3.621559 
3.621507 
3.621454 
3.621401 
3.621349 
3.621296 
3.621243 
3.621190 
3.621137 
3.621085 
3.621032 
3.620979 
3.620926 
3.620873 
3.620820 
3.620767 
3.620713 
3.620660 
3.620607 
3.620554 
3.620500 
3.620447 
3.620394 
3.620340 
3.620287 
3.620234 
3.620180 
3.620127 
3.620073 
3.620019 
3.619966 
3.619912 
3.619858 
3.619805 
3.619751 
3.619697 
3.619643 
3.619589 
3.619535 
3.619481 
3.619427 
3.619373 
3.619319 
3.619265 
3.619211 
3.619157 
3.619102 
3.619048 
3.618994 
3.618940 
3.618885 
3.618831 
3.618776 
3.618722 
3.618667 
3.618613 
3.618558 
3.618503 
3.618449 
3.618394 
3.618339 
3.618284 
3.618230 
3.618175 
3.618120 
3.618065 
3.618010 
3.617955 
3.617900 
3.617845 
3.617790 
3.617734 
3.617679 
3.617624 
3.617569 
3.617513 
3.617458 
3.617402 
3.617347 
3.617291 
3.617236 
3.617180 
3.617125 
3.617069 
3.617013 
3.616958 
3.616902 
3.616846 
3.616790 
3.616734 
3.616678 
3.616622 
3.616566 
3.616510 
3.616454 
3.616398 
3.616342 
3.616286 
3.616230 
3.616173 
3.616117 
3.616061 
3.616004 
3.615948 
3.615891 
3.615835 
3.615778 
3.615722 
3.615665 
3.615608 
3.615551 
3.615495 
3.615438 
3.615381 
3.615324 
3.615267 
3.615210 
3.615153 
3.615096 
3.615039 
3.614982 
3.614925 
3.614868 
3.614810 
3.614753 
3.614696 
3.614638 
3.614581 
3.614523 
3.614466 
3.614408 
3.614351 
3.614293 
3.614235 
3.614178 
3.614120 
3.614062 
3.614004 
3.613946 
3.613888 
3.613830 
3.613772 
3.613714 
3.613656 
3.613598 
3.613540 
3.613482 
3.613423 
3.613365 
3.613307 
3.613248 
3.613190 
3.613131 
3.613073 
3.613014 
3.612956 
3.612897 
3.612838 
3.612780 
3.612721 
3.612662 
3.612603 
3.612544 
3.612485 
3.612426 
3.612367 
3.612308 
3.612249 
3.612190 
3.612131 
3.612071 
3.612012 
3.611953 
3.611893 
3.611834 
3.611774 
3.611715 
3.611655 
3.611596 
3.611536 
3.611476 
3.611417 
3.611357 
3.611297 
3.611237 
3.611177 
3.611117 
3.611057 
3.610997 
3.610937 
3.610877 
3.610817 
3.610756 
3.610696 
3.610636 
3.610575 
3.610515 
3.610454 
3.610394 
3.610333 
3.610273 
3.610212 
3.610151 
3.610091 
3.610030 
3.609969 
3.609908 
3.609847 
3.609786 
3.609725 
3.609664 
3.609603 
3.609542 
3.609481 
3.609419 
3.609358 
3.609297 
3.609235 
3.609174 
3.609113 
3.609051 
3.608989 
3.608928 
3.608866 
3.608804 
3.608743 
3.608681 
3.608619 
3.608557 
3.608495 
3.608433 
3.608371 
3.608309 
3.608247 
3.608185 
3.608122 
3.608060 
3.607998 
3.607935 
3.607873 
3.607810 
3.607748 
3.607685 
3.607623 
3.607560 
3.607497 
3.607435 
3.607372 
3.607309 
3.607246 
3.607183 
3.607120 
3.607057 
3.606994 
3.606931 
3.606867 
3.606804 
3.606741 
3.606677 
3.606614 
3.606551 
3.606487 
3.606424 
3.606360 
3.606296 
3.606233 
3.606169 
3.606105 
3.606041 
3.605977 
3.605913 
3.605849 
3.605785 
3.605721 
3.605657 
3.605593 
3.605529 
3.605464 
3.605400 
3.605335 
3.605271 
3.605207 
3.605142 
3.605077 
3.605013 
3.604948 
3.604883 
3.604818 
3.604754 
3.604689 
3.604624 
3.604559 
3.604494 
3.604428 
3.604363 
3.604298 
3.604233 
3.604167 
3.604102 
3.604037 
3.603971 
3.603906 
3.603840 
3.603774 
3.603709 
3.603643 
3.603577 
3.603511 
3.603445 
3.603379 
3.603313 
3.603247 
3.603181 
3.603115 
3.603049 
3.602982 
3.602916 
3.602850 
3.602783 
3.602717 
3.602650 
3.602584 
3.602517 
3.602450 
3.602384 
3.602317 
3.602250 
3.602183 
3.602116 
3.602049 
3.601982 
3.601915 
3.601848 
3.601780 
3.601713 
3.601646 
3.601578 
3.601511 
3.601443 
3.601376 
3.601308 
3.601240 
3.601173 
3.601105 
3.601037 
3.600969 
3.600901 
3.600833 
3.600765 
3.600697 
3.600629 
3.600560 
3.600492 
3.600424 
3.600355 
3.600287 
3.600218 
3.600150 
3.600081 
3.600012 
3.599944 
3.599875 
3.599806 
3.599737 
3.599668 
3.599599 
3.599530 
3.599461 
3.599392 
3.599322 
3.599253 
3.599184 
3.599114 
3.599045 
3.598975 
3.598906 
3.598836 
3.598766 
3.598697 
3.598627 
3.598557 
3.598487 
3.598417 
3.598347 
3.598277 
3.598206 
3.598136 
3.598066 
3.597996 
3.597925 
3.597855 
3.597784 
3.597713 
3.597643 
3.597572 
3.597501 
3.597430 
3.597360 
3.597289 
3.597218 
3.597147 
3.597075 
3.597004 
3.596933 
3.596862 
3.596790 
3.596719 
3.596647 
3.596576 
3.596504 
3.596432 
3.596361 
3.596289 
3.596217 
3.596145 
3.596073 
3.596001 
3.595929 
3.595857 
3.595785 
3.595712 
3.595640 
3.595568 
3.595495 
3.595423 
3.595350 
3.595277 
3.595205 
3.595132 
3.595059 
3.594986 
3.594913 
3.594840 
3.594767 
3.594694 
3.594621 
3.594547 
3.594474 
3.594400 
3.594327 
3.594253 
3.594180 
3.594106 
3.594032 
3.593959 
3.593885 
3.593811 
3.593737 
3.593663 
3.593589 
3.593515 
3.593440 
3.593366 
3.593292 
3.593217 
3.593143 
3.593068 
3.592994 
3.592919 
3.592844 
3.592769 
3.592694 
3.592619 
3.592544 
3.592469 
3.592394 
3.592319 
3.592244 
3.592168 
3.592093 
3.592017 
3.591942 
3.591866 
3.591791 
3.591715 
3.591639 
3.591563 
3.591487 
3.591411 
3.591335 
3.591259 
3.591183 
3.591106 
3.591030 
3.590954 
3.590877 
3.590801 
3.590724 
3.590647 
3.590571 
3.590494 
3.590417 
3.590340 
3.590263 
3.590186 
3.590109 
3.590031 
3.589954 
3.589877 
3.589799 
3.589722 
3.589644 
3.589567 
3.589489 
3.589411 
3.589333 
3.589255 
3.589177 
3.589099 
3.589021 
3.588943 
3.588865 
3.588786 
3.588708 
3.588629 
3.588551 
3.588472 
3.588394 
3.588315 
3.588236 
3.588157 
3.588078 
3.587999 
3.587920 
3.587841 
3.587761 
3.587682 
3.587603 
3.587523 
3.587444 
3.587364 
3.587284 
3.587205 
3.587125 
3.587045 
3.586965 
3.586885 
3.586805 
3.586724 
3.586644 
3.586564 
3.586483 
3.586403 
3.586322 
3.586242 
3.586161 
3.586080 
3.585999 
3.585918 
3.585837 
3.585756 
3.585675 
3.585594 
3.585513 
3.585431 
3.585350 
3.585268 
3.585187 
3.585105 
3.585023 
3.584941 
3.584859 
3.584777 
3.584695 
3.584613 
3.584531 
3.584449 
3.584366 
3.584284 
3.584201 
3.584119 
3.584036 
3.583953 
3.583870 
3.583788 
3.583705 
3.583622 
3.583538 
3.583455 
3.583372 
3.583289 
3.583205 
3.583122 
3.583038 
3.582954 
3.582870 
3.582787 
3.582703 
3.582619 
3.582535 
3.582451 
3.582366 
3.582282 
3.582198 
3.582113 
3.582029 
3.581944 
3.581859 
3.581774 
3.581690 
3.581605 
3.581520 
3.581435 
3.581349 
3.581264 
3.581179 
3.581093 
3.581008 
3.580922 
3.580837 
3.580751 
3.580665 
3.580579 
3.580493 
3.580407 
3.580321 
3.580235 
3.580148 
3.580062 
3.579975 
3.579889 
3.579802 
3.579715 
3.579629 
3.579542 
3.579455 
3.579368 
3.579280 
3.579193 
3.579106 
3.579018 
3.578931 
3.578843 
3.578756 
3.578668 
3.578580 
3.578492 
3.578404 
3.578316 
3.578228 
3.578140 
3.578051 
3.577963 
3.577875 
3.577786 
3.577697 
3.577608 
3.577520 
3.577431 
3.577342 
3.577253 
3.577163 
3.577074 
3.576985 
3.576895 
3.576806 
3.576716 
3.576626 
3.576537 
3.576447 
3.576357 
3.576267 
3.576176 
3.576086 
3.575996 
3.575905 
3.575815 
3.575724 
3.575634 
3.575543 
3.575452 
3.575361 
3.575270 
3.575179 
3.575088 
3.574996 
3.574905 
3.574814 
3.574722 
3.574630 
3.574538 
3.574447 
3.574355 
3.574263 
3.574171 
3.574078 
3.573986 
3.573894 
3.573801 
3.573709 
3.573616 
3.573523 
3.573430 
3.573337 
3.573244 
3.573151 
3.573058 
3.572965 
3.572871 
3.572778 
3.572684 
3.572590 
3.572496 
3.572403 
3.572309 
3.572215 
3.572120 
3.572026 
3.571932 
3.571837 
3.571743 
3.571648 
3.571553 
3.571459 
3.571364 
3.571269 
3.571173 
3.571078 
3.570983 
3.570888 
3.570792 
3.570696 
3.570601 
3.570505 
3.570409 
3.570313 
3.570217 
3.570121 
3.570024 
3.569928 
3.569832 
3.569735 
3.569638 
3.569542 
3.569445 
3.569348 
3.569251 
3.569153 
3.569056 
3.568959 
3.568861 
3.568764 
3.568666 
3.568568 
3.568470 
3.568373 
3.568274 
3.568176 
3.568078 
3.567980 
3.567881 
3.567783 
3.567684 
3.567585 
3.567486 
3.567387 
3.567288 
3.567189 
3.567090 
3.566990 
3.566891 
3.566791 
3.566691 
3.566592 
3.566492 
3.566392 
3.566292 
3.566191 
3.566091 
3.565991 
3.565890 
3.565789 
3.565689 
3.565588 
3.565487 
3.565386 
3.565285 
3.565183 
3.565082 
3.564981 
3.564879 
3.564777 
3.564675 
3.564574 
3.564472 
3.564369 
3.564267 
3.564165 
3.564062 
3.563960 
3.563857 
3.563754 
3.563651 
3.563549 
3.563445 
3.563342 
3.563239 
3.563135 
3.563032 
3.562928 
3.562825 
3.562721 
3.562617 
3.562513 
3.562408 
3.562304 
3.562200 
3.562095 
3.561990 
3.561886 
3.561781 
3.561676 
3.561571 
3.561466 
3.561360 
3.561255 
3.561149 
3.561044 
3.560938 
3.560832 
3.560726 
3.560620 
3.560514 
3.560407 
3.560301 
3.560194 
3.560088 
3.559981 
3.559874 
3.559767 
3.559660 
3.559552 
3.559445 
3.559338 
3.559230 
3.559122 
3.559014 
3.558906 
3.558798 
3.558690 
3.558582 
3.558473 
3.558365 
3.558256 
3.558147 
3.558039 
3.557930 
3.557820 
3.557711 
3.557602 
3.557492 
3.557383 
3.557273 
3.557163 
3.557053 
3.556943 
3.556833 
3.556722 
3.556612 
3.556501 
3.556391 
3.556280 
3.556169 
3.556058 
3.555947 
3.555835 
3.555724 
3.555612 
3.555501 
3.555389 
3.555277 
3.555165 
3.555053 
3.554940 
3.554828 
3.554715 
3.554603 
3.554490 
3.554377 
3.554264 
3.554151 
3.554037 
3.553924 
3.553810 
3.553697 
3.553583 
3.553469 
3.553355 
3.553241 
3.553126 
3.553012 
3.552897 
3.552782 
3.552668 
3.552553 
3.552437 
3.552322 
3.552207 
3.552091 
3.551976 
3.551860 
3.551744 
3.551628 
3.551512 
3.551396 
3.551279 
3.551163 
3.551046 
3.550929 
3.550812 
3.550695 
3.550578 
3.550461 
3.550343 
3.550226 
3.550108 
3.549990 
3.549872 
3.549754 
3.549636 
3.549517 
3.549399 
3.549280 
3.549161 
3.549042 
3.548923 
3.548804 
3.548684 
3.548565 
3.548445 
3.548326 
3.548206 
3.548086 
3.547965 
3.547845 
3.547725 
3.547604 
3.547483 
3.547362 
3.547241 
3.547120 
3.546999 
3.546877 
3.546756 
3.546634 
3.546512 
3.546390 
3.546268 
3.546146 
3.546023 
3.545901 
3.545778 
3.545655 
3.545532 
3.545409 
3.545286 
3.545162 
3.545039 
3.544915 
3.544791 
3.544667 
3.544543 
3.544418 
3.544294 
3.544169 
3.544045 
3.543920 
3.543795 
3.543669 
3.543544 
3.543419 
3.543293 
3.543167 
3.543041 
3.542915 
3.542789 
3.542663 
3.542536 
3.542409 
3.542282 
3.542155 
3.542028 
3.541901 
3.541774 
3.541646 
3.541518 
3.541390 
3.541262 
3.541134 
3.541006 
3.540877 
3.540749 
3.540620 
3.540491 
3.540362 
3.540232 
3.540103 
3.539973 
3.539844 
3.539714 
3.539584 
3.539453 
3.539323 
3.539193 
3.539062 
3.538931 
3.538800 
3.538669 
3.538537 
3.538406 
3.538274 
3.538143 
3.538011 
3.537878 
3.537746 
3.537614 
3.537481 
3.537348 
3.537215 
3.537082 
3.536949 
3.536816 
3.536682 
3.536548 
3.536414 
3.536280 
3.536146 
3.536012 
3.535877 
3.535743 
3.535608 
3.535473 
3.535337 
3.535202 
3.535066 
3.534931 
3.534795 
3.534659 
3.534522 
3.534386 
3.534250 
3.534113 
3.533976 
3.533839 
3.533702 
3.533564 
3.533427 
3.533289 
3.533151 
3.533013 
3.532875 
3.532736 
3.532598 
3.532459 
3.532320 
3.532181 
3.532041 
3.531902 
3.531762 
3.531622 
3.531482 
3.531342 
3.531202 
3.531061 
3.530921 
3.530780 
3.530639 
3.530497 
3.530356 
3.530214 
3.530073 
3.529931 
3.529789 
3.529646 
3.529504 
3.529361 
3.529218 
3.529075 
3.528932 
3.528789 
3.528645 
3.528501 
3.528357 
3.528213 
3.528069 
3.527924 
3.527780 
3.527635 
3.527490 
3.527344 
3.527199 
3.527053 
3.526908 
3.526762 
3.526616 
3.526469 
3.526323 
3.526176 
3.526029 
3.525882 
3.525735 
3.525587 
3.525439 
3.525292 
3.525143 
3.524995 
3.524847 
3.524698 
3.524549 
3.524400 
3.524251 
3.524102 
3.523952 
3.523802 
3.523652 
3.523502 
3.523352 
3.523201 
3.523050 
3.522899 
3.522748 
3.522597 
3.522445 
3.522294 
3.522142 
3.521989 
3.521837 
3.521684 
3.521532 
3.521379 
3.521226 
3.521072 
3.520919 
3.520765 
3.520611 
3.520457 
3.520302 
3.520148 
3.519993 
3.519838 
3.519683 
3.519527 
3.519372 
3.519216 
3.519060 
3.518904 
3.518747 
3.518591 
3.518434 
3.518277 
3.518120 
3.517962 
3.517804 
3.517646 
3.517488 
3.517330 
3.517171 
3.517013 
3.516854 
3.516695 
3.516535 
3.516376 
3.516216 
3.516056 
3.515895 
3.515735 
3.515574 
3.515413 
3.515252 
3.515091 
3.514929 
3.514768 
3.514606 
3.514443 
3.514281 
3.514118 
3.513956 
3.513792 
3.513629 
3.513466 
3.513302 
3.513138 
3.512974 
3.512809 
3.512645 
3.512480 
3.512315 
3.512149 
3.511984 
3.511818 
3.511652 
3.511486 
3.511319 
3.511152 
3.510986 
3.510818 
3.510651 
3.510483 
3.510316 
3.510147 
3.509979 
3.509811 
3.509642 
3.509473 
3.509304 
3.509134 
3.508964 
3.508794 
3.508624 
3.508454 
3.508283 
3.508112 
3.507941 
3.507770 
3.507598 
3.507426 
3.507254 
3.507082 
3.506909 
3.506736 
3.506563 
3.506390 
3.506216 
3.506043 
3.505869 
3.505694 
3.505520 
3.505345 
3.505170 
3.504995 
3.504819 
3.504643 
3.504467 
3.504291 
3.504115 
3.503938 
3.503761 
3.503583 
3.503406 
3.503228 
3.503050 
3.502872 
3.502693 
3.502515 
3.502335 
3.502156 
3.501977 
3.501797 
3.501617 
3.501436 
3.501256 
3.501075 
3.500894 
3.500712 
3.500531 
3.500349 
3.500167 
3.499984 
3.499802 
3.499619 
3.499436 
3.499252 
3.499068 
3.498884 
3.498700 
3.498515 
3.498331 
3.498146 
3.497960 
3.497775 
3.497589 
3.497403 
3.497216 
3.497029 
3.496842 
3.496655 
3.496468 
3.496280 
3.496092 
3.495903 
3.495715 
3.495526 
3.495337 
3.495147 
3.494958 
3.494768 
3.494577 
3.494387 
3.494196 
3.494005 
3.493813 
3.493622 
3.493430 
3.493237 
3.493045 
3.492852 
3.492659 
3.492465 
3.492272 
3.492078 
3.491883 
3.491689 
3.491494 
3.491299 
3.491103 
3.490908 
3.490712 
3.490515 
3.490319 
3.490122 
3.489924 
3.489727 
3.489529 
3.489331 
3.489133 
3.488934 
3.488735 
3.488536 
3.488336 
3.488136 
3.487936 
3.487735 
3.487524 
3.487314 
3.487104 
3.486896 
3.486688 
3.486480 
3.486273 
3.486066 
3.485859 
3.485652 
3.485445 
3.485239 
3.485032 
3.484825 
3.484618 
3.484411 
3.484204 
3.483997 
3.483789 
3.483582 
3.483374 
3.483166 
3.482957 
3.482748 
3.482539 
3.482330 
3.482121 
3.481911 
3.481701 
3.481490 
3.481280 
3.481069 
3.480857 
3.480646 
3.480434 
3.480222 
3.480009 
3.479796 
3.479583 
3.479369 
3.479156 
3.478941 
3.478727 
3.478512 
3.478297 
3.478081 
3.477865 
3.477649 
3.477433 
3.477216 
3.476998 
3.476781 
3.476563 
3.476345 
3.476126 
3.475907 
3.475688 
3.475468 
3.475248 
3.475028 
3.474807 
3.474586 
3.474365 
3.474143 
3.473921 
3.473698 
3.473475 
3.473252 
3.473029 
3.472805 
3.472581 
3.472356 
3.472131 
3.471906 
3.471680 
3.471454 
3.471227 
3.471001 
3.470773 
3.470546 
3.470318 
3.470090 
3.469861 
3.469632 
3.469403 
3.469173 
3.468943 
3.468712 
3.468481 
3.468250 
3.468018 
3.467786 
3.467554 
3.467321 
3.467088 
3.466855 
3.466621 
3.466386 
3.466152 
3.465916 
3.465681 
3.465445 
3.465209 
3.464972 
3.464735 
3.464498 
3.464260 
3.464022 
3.463783 
3.463544 
3.463305 
3.463065 
3.462825 
3.462584 
3.462343 
3.462102 
3.461860 
3.461618 
3.461375 
3.461132 
3.460889 
3.460645 
3.460401 
3.460156 
3.459911 
3.459665 
3.459419 
3.459173 
3.458926 
3.458679 
3.458432 
3.458184 
3.457935 
3.457687 
3.457437 
3.457188 
3.456938 
3.456687 
3.456436 
3.456185 
3.455933 
3.455681 
3.455428 
3.455175 
3.454921 
3.454667 
3.454413 
3.454158 
3.453903 
3.453647 
3.453391 
3.453135 
3.452877 
3.452620 
3.452362 
3.452104 
3.451845 
3.451586 
3.451326 
3.451066 
3.450805 
3.450544 
3.450283 
3.450021 
3.449758 
3.449495 
3.449232 
3.448968 
3.448704 
3.448439 
3.448174 
3.447908 
3.447642 
3.447376 
3.447108 
3.446841 
3.446573 
3.446304 
3.446036 
3.445766 
3.445496 
3.445226 
3.444955 
3.444684 
3.444412 
3.444139 
3.443867 
3.443593 
3.443320 
3.443045 
3.442771 
3.442495 
3.442220 
3.441944 
3.441667 
3.441390 
3.441112 
3.440834 
3.440555 
3.440276 
3.439996 
3.439716 
3.439435 
3.439154 
3.438872 
3.438590 
3.438307 
3.438024 
3.437740 
3.437456 
3.437171 
3.436886 
3.436600 
3.436314 
3.436027 
3.435739 
3.435451 
3.435163 
3.434874 
3.434584 
3.434294 
3.434004 
3.433713 
3.433421 
3.433129 
3.432836 
3.432543 
3.432249 
3.431955 
3.431660 
3.431364 
3.431068 
3.430772 
3.430475 
3.430177 
3.429879 
3.429580 
3.429281 
3.428981 
3.428681 
3.428380 
3.428078 
3.427776 
3.427473 
3.427170 
3.426866 
3.426562 
3.426257 
3.425951 
3.425645 
3.425338 
3.425031 
3.424723 
3.424415 
3.424106 
3.423796 
3.423486 
3.423175 
3.422864 
3.422552 
3.422239 
3.421926 
3.421612 
3.421298 
3.420983 
3.420668 
3.420351 
3.420035 
3.419717 
3.419399 
3.419081 
3.418762 
3.418442 
3.418121 
3.417800 
3.417478 
3.417156 
3.416833 
3.416510 
3.416185 
3.415861 
3.415535 
3.415209 
3.414882 
3.414555 
3.414227 
3.413898 
3.413569 
3.413239 
3.412909 
3.412577 
3.412246 
3.411913 
3.411580 
3.411246 
3.410912 
3.410576 
3.410241 
3.409904 
3.409567 
3.409229 
3.408891 
3.408551 
3.408212 
3.407871 
3.407530 
3.407188 
3.406845 
3.406502 
3.406158 
3.405814 
3.405468 
3.405122 
3.404776 
3.404428 
3.404080 
3.403731 
3.403382 
3.403032 
3.402681 
3.402329 
3.401977 
3.401624 
3.401270 
3.400916 
3.400560 
3.400204 
3.399848 
3.399490 
3.399132 
3.398774 
3.398414 
3.398054 
3.397693 
3.397331 
3.396968 
3.396605 
3.396241 
3.395876 
3.395511 
3.395144 
3.394777 
3.394410 
3.394041 
3.393672 
3.393302 
3.392931 
3.392559 
3.392187 
3.391813 
3.391439 
3.391065 
3.390689 
3.390313 
3.389936 
3.389558 
3.389179 
3.388800 
3.388419 
3.388038 
3.387656 
3.387274 
3.386890 
3.386506 
3.386121 
3.385735 
3.385348 
3.384960 
3.384572 
3.384183 
3.383793 
3.383402 
3.383010 
3.382617 
3.382224 
3.381830 
3.381434 
3.381039 
3.380642 
3.380244 
3.379845 
3.379446 
3.379046 
3.378645 
3.378243 
3.377840 
3.377436 
3.377031 
3.376626 
3.376220 
3.375812 
3.375404 
3.374995 
3.374585 
3.374174 
3.373763 
3.373350 
3.372936 
3.372522 
3.372107 
3.371690 
3.371273 
3.370855 
3.370436 
3.370016 
3.369595 
3.369173 
3.368750 
3.368327 
3.367902 
3.367476 
3.367050 
3.366622 
3.366194 
3.365764 
3.365334 
3.364903 
3.364470 
3.364037 
3.363603 
3.363167 
3.362731 
3.362294 
3.361856 
3.361417 
3.360976 
3.360535 
3.360093 
3.359650 
3.359205 
3.358760 
3.358314 
3.357867 
3.357418 
3.356969 
3.356519 
3.356067 
3.355615 
3.355161 
3.354707 
3.354251 
3.353795 
3.353337 
3.352878 
3.352419 
3.351958 
3.351496 
3.351033 
3.350569 
3.350103 
3.349637 
3.349170 
3.348701 
3.348232 
3.347761 
3.347289 
3.346817 
3.346343 
3.345868 
3.345391 
3.344914 
3.344436 
3.343956 
3.343475 
3.342993 
3.342510 
3.342026 
3.341541 
3.341054 
3.340567 
3.340078 
3.339588 
3.339097 
3.338604 
3.338111 
3.337616 
3.337120 
3.336623 
3.336125 
3.335625 
3.335125 
3.334623 
3.334120 
3.333615 
3.333110 
3.332603 
3.332095 
3.331586 
3.331075 
3.330563 
3.330050 
3.329536 
3.329020 
3.328504 
3.327985 
3.327466 
3.326945 
3.326423 
3.325900 
3.325376 
3.324850 
3.324323 
3.323794 
3.323265 
3.322733 
3.322201 
3.321667 
3.321132 
3.320596 
3.320058 
3.319519 
3.318978 
3.318437 
3.317893 
3.317349 
3.316803 
3.316255 
3.315707 
3.315157 
3.314605 
3.314052 
3.313498 
3.312942 
3.312385 
3.311826 
3.311266 
3.310705 
3.310142 
3.309578 
3.309012 
3.308445 
3.307876 
3.307306 
3.306734 
3.306161 
3.305586 
3.305010 
3.304432 
3.303853 
3.303273 
3.302690 
3.302107 
3.301522 
3.300935 
3.300347 
3.299757 
3.299165 
3.298572 
3.297978 
3.297382 
3.296784 
3.296185 
3.295584 
3.294982 
3.294378 
3.293772 
3.293165 
3.292556 
3.291945 
3.291333 
3.290719 
3.290104 
3.289487 
3.288868 
3.288248 
3.287625 
3.287002 
3.286376 
3.285749 
3.285120 
3.284490 
3.283857 
3.283223 
3.282588 
3.281950 
3.281311 
3.280670 
3.280027 
3.279383 
3.278736 
3.278088 
3.277438 
3.276787 
3.276133 
3.275478 
3.274821 
3.274162 
3.273501 
3.272839 
3.272174 
3.271508 
3.270840 
3.270170 
3.269498 
3.268824 
3.268148 
3.267471 
3.266791 
3.266110 
3.265426 
3.264741 
3.264054 
3.263364 
3.262673 
3.261980 
3.261285 
3.260588 
3.259889 
3.259188 
3.258484 
3.257779 
3.257072 
3.256363 
3.255652 
3.254938 
3.254223 
3.253505 
3.252786 
3.252064 
3.251340 
3.250615 
3.249887 
3.249156 
3.248424 
3.247690 
3.246953 
3.246214 
3.245473 
3.244730 
3.243985 
3.243237 
3.242488 
3.241736 
3.240982 
3.240225 
3.239466 
3.238705 
3.237942 
3.237177 
3.236409 
3.235639 
3.234866 
3.234091 
3.233314 
3.232535 
3.231753 
3.230969 
3.230182 
3.229393 
3.228602 
3.227808 
3.227011 
3.226213 
3.225412 
3.224608 
3.223802 
3.222993 
3.222182 
3.221369 
3.220553 
3.219734 
3.218913 
3.218089 
3.217263 
3.216434 
3.215603 
3.214769 
3.213932 
3.213093 
3.212251 
3.211406 
3.210559 
3.209709 
3.208856 
3.208001 
3.207143 
3.206282 
3.205419 
3.204552 
3.203683 
